0.5 0 1.5 0 1.5 1.5 0.5 1.5
2.5 0 2.5 1 2 0
-0.4 0.8 -0.6 -0.4 3 -0.6 3 1.6 2.8 1.6 2.6 -0.4 1.8 -0.4 1.8 1 1.6 -0.4 0 -0.2 0.4 1.6
0.8 0.6 1.2 0.6 1 1
0.7625493753702599 1.6468704902972542 0.951641609119185 1.1771897806628278 1.3054270787139484 1.6987183608413143 0.951641609119185 1.3906810123148396
1.8 1 2.2 1 2 1.4
1.6 1.4 1.5 1.2076885280416865 1.8 1.2
2 0.6 2.4 0.4 2.2 0.2
-0.2 1.4 0.4 0.8 -0.4 1.2
-0.4 0.2 -0.2 0.6 0 0.2 -0.2 0.4
2.2 1.4 2.32103536642995 1.3174840186055785 2.5162273496546472 1.3418830165086655 2.540626347557734 1.5157258765681612 2.4857286022757883 1.6316211166078247 2.406431859090755 1.6712694882003412 2.2325889990312593 1.6468704902972542 2.1746413790114274 1.4821772544514162