0.5 0 1 0 2 0.5 1.5 1 1 1.5 0.5 1.5 0 1 0 0.5
2 1 2.5 1 3.5 1.5 3 2 2.5 2.5 2 2.5 1.5 2 1.5 1.5
3.5 2 4 2 5 2.5 4.5 3 4 3.5 3.5 3.5 3 3 3 2.5
5 3 5.5 3 6.5 3.5 6 4 5.5 4.5 5 4.5 4.5 4 4.5 3.5
6.5 4 7 4 8 4.5 7.5 5 7 5.5 6.5 5.5 6 5 6 4.5
8 5 8.5 5 9.5 5.5 9 6 8.5 6.5 8 6.5 7.5 6 7.5 5.5
9.5 6 10 6 11 6.5 10.5 7 10 7.5 9.5 7.5 9 7 9 6.5
9 7 11.5 7 12.5 7.5 12 8 11.5 8.5 11 8.5 10.5 8 10.5 7.5
10.5 8 13 8 14 8.5 13.5 9 13 9.5 12.5 9.5 12 9 12 8.5
12 9 14.5 9 15.5 9.5 15 10 14.5 10.5 14 10.5 13.5 10 13.5 9.5
13.5 10 16 10 17 10.5 16.5 11 16 11.5 15.5 11.5 15 11 15 10.5
15 11 17.5 11 18.5 11.5 18 12 17.5 12.5 17 12.5 16.5 12 16.5 11.5
16.5 12 19 12 20 12.5 19.5 13 19 13.5 18.5 13.5 18 13 18 12.5
18 13 20.5 13 21.5 13.5 21 14 20.5 14.5 20 14.5 19.5 14 19.5 13.5
19.5 14 22 14 23 14.5 22.5 15 22 15.5 21.5 15.5 21 15 21 14.5
21 15 23.5 15 24.5 15.5 24 16 23.5 16.5 23 16.5 22.5 16 22.5 15.5
22.5 16 25 16 26 16.5 25.5 17 25 17.5 24.5 17.5 24 17 24 16.5
24 17 26.5 17 27.5 17.5 27 18 26.5 18.5 26 18.5 25.5 18 25.5 17.5
25.5 18 28 18 29 18.5 28.5 19 28 19.5 27.5 19.5 27 19 27 18.5
27 19 29.5 19 30.5 19.5 30 20 29.5 20.5 29 20.5 28.5 20 28.5 19.5
28.5 20 31 20 32 20.5 31.5 21 31 21.5 30.5 21.5 30 21 30 20.5
30 21 32.5 21 33.5 21.5 33 22 32.5 22.5 32 22.5 31.5 22 31.5 21.5
31.5 22 34 22 35 22.5 34.5 23 34 23.5 33.5 23.5 33 23 33 22.5
33 23 35.5 23 36.5 23.5 36 24 35.5 24.5 35 24.5 34.5 24 34.5 23.5
34.5 24 37 24 38 24.5 37.5 25 37 25.5 36.5 25.5 36 25 36 24.5
36 25 38.5 25 39.5 25.5 39 26 38.5 26.5 38 26.5 37.5 26 37.5 25.5
37.5 26 40 26 41 26.5 40.5 27 40 27.5 39.5 27.5 39 27 39 26.5
39 27 41.5 27 42.5 27.5 42 28 41.5 28.5 41 28.5 40.5 28 40.5 27.5
40.5 28 43 28 44 28.5 43.5 29 43 29.5 42.5 29.5 42 29 42 28.5
42 29 44.5 29 45.5 29.5 45 30 44.5 30.5 44 30.5 43.5 30 43.5 29.5
43.5 30 46 30 47 30.5 46.5 31 46 31.5 45.5 31.5 45 31 45 30.5
45 31 47.5 31 48.5 31.5 48 32 47.5 32.5 47 32.5 46.5 32 46.5 31.5
46.5 32 49 32 50 32.5 49.5 33 49 33.5 48.5 33.5 48 33 48 32.5
48 33 50.5 33 51.5 33.5 51 34 50.5 34.5 50 34.5 49.5 34 49.5 33.5
49.5 34 52 34 53 34.5 52.5 35 52 35.5 51.5 35.5 51 35 51 34.5
51 35 53.5 35 54.5 35.5 54 36 53.5 36.5 53 36.5 52.5 36 52.5 35.5
52.5 36 55 36 56 36.5 55.5 37 55 37.5 54.5 37.5 54 37 54 36.5
54 37 56.5 37 57.5 37.5 57 38 56.5 38.5 56 38.5 55.5 38 55.5 37.5
55.5 38 58 38 59 38.5 58.5 39 58 39.5 57.5 39.5 57 39 57 38.5
57 39 59.5 39 60.5 39.5 60 40 59.5 40.5 59 40.5 58.5 40 58.5 39.5
58.5 40 61 40 62 40.5 61.5 41 61 41.5 60.5 41.5 60 41 60 40.5
60 41 62.5 41 63.5 41.5 63 42 62.5 42.5 62 42.5 61.5 42 61.5 41.5
61.5 42 64 42 65 42.5 64.5 43 64 43.5 63.5 43.5 63 43 63 42.5
63 43 65.5 43 66.5 43.5 66 44 65.5 44.5 65 44.5 64.5 44 64.5 43.5
64.5 44 67 44 68 44.5 67.5 45 67 45.5 66.5 45.5 66 45 66 44.5
66 45 68.5 45 69.5 45.5 69 46 68.5 46.5 68 46.5 67.5 46 67.5 45.5
67.5 46 70 46 71 46.5 70.5 47 70 47.5 69.5 47.5 69 47 69 46.5
69 47 71.5 47 72.5 47.5 72 48 71.5 48.5 71 48.5 70.5 48 70.5 47.5
70.5 48 73 48 74 48.5 73.5 49 73 49.5 72.5 49.5 72 49 72 48.5
72 49 74.5 49 75.5 49.5 75 50 74.5 50.5 74 50.5 73.5 50 73.5 49.5
73.5 50 76 50 77 50.5 76.5 51 76 51.5 75.5 51.5 75 51 75 50.5
75 51 77.5 51 78.5 51.5 78 52 77.5 52.5 77 52.5 76.5 52 76.5 51.5
76.5 52 79 52 80 52.5 79.5 53 79 53.5 78.5 53.5 78 53 78 52.5
78 53 80.5 53 81.5 53.5 81 54 80.5 54.5 80 54.5 79.5 54 79.5 53.5
79.5 54 82 54 83 54.5 82.5 55 82 55.5 81.5 55.5 81 55 81 54.5
81 55 83.5 55 84.5 55.5 84 56 83.5 56.5 83 56.5 82.5 56 82.5 55.5
82.5 56 85 56 86 56.5 85.5 57 85 57.5 84.5 57.5 84 57 84 56.5
84 57 86.5 57 87.5 57.5 87 58 86.5 58.5 86 58.5 85.5 58 85.5 57.5
85.5 58 88 58 89 58.5 88.5 59 88 59.5 87.5 59.5 87 59 87 58.5
87 59 89.5 59 90.5 59.5 90 60 89.5 60.5 89 60.5 88.5 60 88.5 59.5
88.5 60 91 60 92 60.5 91.5 61 91 61.5 90.5 61.5 90 61 90 60.5
90 61 92.5 61 93.5 61.5 93 62 92.5 62.5 92 62.5 91.5 62 91.5 61.5
91.5 62 94 62 95 62.5 94.5 63 94 63.5 93.5 63.5 93 63 93 62.5
93 63 95.5 63 96.5 63.5 96 64 95.5 64.5 95 64.5 94.5 64 94.5 63.5
94.5 64 97 64 98 64.5 97.5 65 97 65.5 96.5 65.5 96 65 96 64.5
96 65 98.5 65 99.5 65.5 99 66 98.5 66.5 98 66.5 97.5 66 97.5 65.5
97.5 66 100 66 101 66.5 100.5 67 100 67.5 99.5 67.5 99 67 99 66.5
99 67 101.5 67 102.5 67.5 102 68 101.5 68.5 101 68.5 100.5 68 100.5 67.5
100.5 68 103 68 104 68.5 103.5 69 103 69.5 102.5 69.5 102 69 102 68.5
102 69 104.5 69 105.5 69.5 105 70 104.5 70.5 104 70.5 103.5 70 103.5 69.5
103.5 70 106 70 107 70.5 106.5 71 106 71.5 105.5 71.5 105 71 105 70.5
105 71 107.5 71 108.5 71.5 108 72 107.5 72.5 107 72.5 106.5 72 106.5 71.5
106.5 72 109 72 110 72.5 109.5 73 109 73.5 108.5 73.5 108 73 108 72.5
108 73 110.5 73 111.5 73.5 111 74 110.5 74.5 110 74.5 109.5 74 109.5 73.5
109.5 74 112 74 113 74.5 112.5 75 112 75.5 111.5 75.5 111 75 111 74.5
111 75 113.5 75 114.5 75.5 114 76 113.5 76.5 113 76.5 112.5 76 112.5 75.5
112.5 76 115 76 116 76.5 115.5 77 115 77.5 114.5 77.5 114 77 114 76.5
114 77 116.5 77 117.5 77.5 117 78 116.5 78.5 116 78.5 115.5 78 115.5 77.5
115.5 78 118 78 119 78.5 118.5 79 118 79.5 117.5 79.5 117 79 117 78.5
117 79 119.5 79 120.5 79.5 120 80 119.5 80.5 119 80.5 118.5 80 118.5 79.5
118.5 80 121 80 122 80.5 121.5 81 121 81.5 120.5 81.5 120 81 120 80.5
120 81 122.5 81 123.5 81.5 123 82 122.5 82.5 122 82.5 121.5 82 121.5 81.5
121.5 82 124 82 125 82.5 124.5 83 124 83.5 123.5 83.5 123 83 123 82.5
123 83 125.5 83 126.5 83.5 126 84 125.5 84.5 125 84.5 124.5 84 124.5 83.5
124.5 84 127 84 128 84.5 127.5 85 127 85.5 126.5 85.5 126 85 126 84.5
126 85 128.5 85 129.5 85.5 129 86 128.5 86.5 128 86.5 127.5 86 127.5 85.5
127.5 86 130 86 131 86.5 130.5 87 130 87.5 129.5 87.5 129 87 129 86.5
129 87 131.5 87 132.5 87.5 132 88 131.5 88.5 131 88.5 130.5 88 130.5 87.5
130.5 88 133 88 134 88.5 133.5 89 133 89.5 132.5 89.5 132 89 132 88.5
132 89 134.5 89 135.5 89.5 135 90 134.5 90.5 134 90.5 133.5 90 133.5 89.5
133.5 90 136 90 137 90.5 136.5 91 136 91.5 135.5 91.5 135 91 135 90.5
135 91 137.5 91 138.5 91.5 138 92 137.5 92.5 137 92.5 136.5 92 136.5 91.5
136.5 92 139 92 140 92.5 139.5 93 139 93.5 138.5 93.5 138 93 138 92.5
138 93 140.5 93 141.5 93.5 141 94 140.5 94.5 140 94.5 139.5 94 139.5 93.5
139.5 94 142 94 143 94.5 142.5 95 142 95.5 141.5 95.5 141 95 141 94.5
141 95 143.5 95 144.5 95.5 144 96 143.5 96.5 143 96.5 142.5 96 142.5 95.5
142.5 96 145 96 146 96.5 145.5 97 145 97.5 144.5 97.5 144 97 144 96.5
144 97 146.5 97 147.5 97.5 147 98 146.5 98.5 146 98.5 145.5 98 145.5 97.5
145.5 98 148 98 149 98.5 148.5 99 148 99.5 147.5 99.5 147 99 147 98.5
147 99 149.5 99 150.5 99.5 150 100 149.5 100.5 149 100.5 148.5 100 148.5 99.5
148.5 100 151 100 152 100.5 151.5 101 151 101.5 150.5 101.5 150 101 150 100.5
150 101 152.5 101 153.5 101.5 153 102 152.5 102.5 152 102.5 151.5 102 151.5 101.5
151.5 102 154 102 155 102.5 154.5 103 154 103.5 153.5 103.5 153 103 153 102.5
153 103 155.5 103 156.5 103.5 156 104 155.5 104.5 155 104.5 154.5 104 154.5 103.5
154.5 104 157 104 158 104.5 157.5 105 157 105.5 156.5 105.5 156 105 156 104.5
156 105 158.5 105 159.5 105.5 159 106 158.5 106.5 158 106.5 157.5 106 157.5 105.5
157.5 106 160 106 161 106.5 160.5 107 160 107.5 159.5 107.5 159 107 159 106.5
159 107 161.5 107 162.5 107.5 162 108 161.5 108.5 161 108.5 160.5 108 160.5 107.5
160.5 108 163 108 164 108.5 163.5 109 163 109.5 162.5 109.5 162 109 162 108.5
162 109 164.5 109 165.5 109.5 165 110 164.5 110.5 164 110.5 163.5 110 163.5 109.5
163.5 110 166 110 167 110.5 166.5 111 166 111.5 165.5 111.5 165 111 165 110.5
165 111 167.5 111 168.5 111.5 168 112 167.5 112.5 167 112.5 166.5 112 166.5 111.5
166.5 112 169 112 170 112.5 169.5 113 169 113.5 168.5 113.5 168 113 168 112.5
168 113 170.5 113 171.5 113.5 171 114 170.5 114.5 170 114.5 169.5 114 169.5 113.5
169.5 114 172 114 173 114.5 172.5 115 172 115.5 171.5 115.5 171 115 171 114.5
171 115 173.5 115 174.5 115.5 174 116 173.5 116.5 173 116.5 172.5 116 172.5 115.5
172.5 116 175 116 176 116.5 175.5 117 175 117.5 174.5 117.5 174 117 174 116.5
174 117 176.5 117 177.5 117.5 177 118 176.5 118.5 176 118.5 175.5 118 175.5 117.5
175.5 118 178 118 179 118.5 178.5 119 178 119.5 177.5 119.5 177 119 177 118.5
177 119 179.5 119 180.5 119.5 180 120 179.5 120.5 179 120.5 178.5 120 178.5 119.5
178.5 120 181 120 182 120.5 181.5 121 181 121.5 180.5 121.5 180 121 180 120.5
180 121 182.5 121 183.5 121.5 183 122 182.5 122.5 182 122.5 181.5 122 181.5 121.5
181.5 122 184 122 185 122.5 184.5 123 184 123.5 183.5 123.5 183 123 183 122.5
183 123 185.5 123 186.5 123.5 186 124 185.5 124.5 185 124.5 184.5 124 184.5 123.5
184.5 124 187 124 188 124.5 187.5 125 187 125.5 186.5 125.5 186 125 186 124.5
186 125 188.5 125 189.5 125.5 189 126 188.5 126.5 188 126.5 187.5 126 187.5 125.5
187.5 126 190 126 191 126.5 190.5 127 190 127.5 189.5 127.5 189 127 189 126.5
189 127 191.5 127 192.5 127.5 192 128 191.5 128.5 191 128.5 190.5 128 190.5 127.5
190.5 128 193 128 194 128.5 193.5 129 193 129.5 192.5 129.5 192 129 192 128.5
192 129 194.5 129 195.5 129.5 195 130 194.5 130.5 194 130.5 193.5 130 193.5 129.5
193.5 130 196 130 197 130.5 196.5 131 196 131.5 195.5 131.5 195 131 195 130.5
195 131 197.5 131 198.5 131.5 198 132 197.5 132.5 197 132.5 196.5 132 196.5 131.5
196.5 132 199 132 200 132.5 199.5 133 199 133.5 198.5 133.5 198 133 198 132.5
198 133 200.5 133 201.5 133.5 201 134 200.5 134.5 200 134.5 199.5 134 199.5 133.5
199.5 134 202 134 203 134.5 202.5 135 202 135.5 201.5 135.5 201 135 201 134.5
201 135 203.5 135 204.5 135.5 204 136 203.5 136.5 203 136.5 202.5 136 202.5 135.5
202.5 136 205 136 206 136.5 205.5 137 205 137.5 204.5 137.5 204 137 204 136.5
204 137 206.5 137 207.5 137.5 207 138 206.5 138.5 206 138.5 205.5 138 205.5 137.5
205.5 138 208 138 209 138.5 208.5 139 208 139.5 207.5 139.5 207 139 207 138.5
207 139 209.5 139 210.5 139.5 210 140 209.5 140.5 209 140.5 208.5 140 208.5 139.5
208.5 140 211 140 212 140.5 211.5 141 211 141.5 210.5 141.5 210 141 210 140.5
210 141 212.5 141 213.5 141.5 213 142 212.5 142.5 212 142.5 211.5 142 211.5 141.5
211.5 142 214 142 215 142.5 214.5 143 214 143.5 213.5 143.5 213 143 213 142.5
213 143 215.5 143 216.5 143.5 216 144 215.5 144.5 215 144.5 214.5 144 214.5 143.5
214.5 144 217 144 218 144.5 217.5 145 217 145.5 216.5 145.5 216 145 216 144.5
216 145 218.5 145 219.5 145.5 219 146 218.5 146.5 218 146.5 217.5 146 217.5 145.5
217.5 146 220 146 221 146.5 220.5 147 220 147.5 219.5 147.5 219 147 219 146.5
219 147 221.5 147 222.5 147.5 222 148 221.5 148.5 221 148.5 220.5 148 220.5 147.5
220.5 148 223 148 224 148.5 223.5 149 223 149.5 222.5 149.5 222 149 222 148.5
222 149 224.5 149 225.5 149.5 225 150 224.5 150.5 224 150.5 223.5 150 223.5 149.5
223.5 150 226 150 227 150.5 226.5 151 226 151.5 225.5 151.5 225 151 225 150.5
225 151 227.5 151 228.5 151.5 228 152 227.5 152.5 227 152.5 226.5 152 226.5 151.5
226.5 152 229 152 230 152.5 229.5 153 229 153.5 228.5 153.5 228 153 228 152.5
228 153 230.5 153 231.5 153.5 231 154 230.5 154.5 230 154.5 229.5 154 229.5 153.5
229.5 154 232 154 233 154.5 232.5 155 232 155.5 231.5 155.5 231 155 231 154.5
231 155 233.5 155 234.5 155.5 234 156 233.5 156.5 233 156.5 232.5 156 232.5 155.5
232.5 156 235 156 236 156.5 235.5 157 235 157.5 234.5 157.5 234 157 234 156.5
234 157 236.5 157 237.5 157.5 237 158 236.5 158.5 236 158.5 235.5 158 235.5 157.5
235.5 158 238 158 239 158.5 238.5 159 238 159.5 237.5 159.5 237 159 237 158.5
237 159 239.5 159 240.5 159.5 240 160 239.5 160.5 239 160.5 238.5 160 238.5 159.5
238.5 160 241 160 242 160.5 241.5 161 241 161.5 240.5 161.5 240 161 240 160.5
240 161 242.5 161 243.5 161.5 243 162 242.5 162.5 242 162.5 241.5 162 241.5 161.5
241.5 162 244 162 245 162.5 244.5 163 244 163.5 243.5 163.5 243 163 243 162.5
243 163 245.5 163 246.5 163.5 246 164 245.5 164.5 245 164.5 244.5 164 244.5 163.5
244.5 164 247 164 248 164.5 247.5 165 247 165.5 246.5 165.5 246 165 246 164.5
246 165 248.5 165 249.5 165.5 249 166 248.5 166.5 248 166.5 247.5 166 247.5 165.5
247.5 166 250 166 251 166.5 250.5 167 250 167.5 249.5 167.5 249 167 249 166.5
249 167 251.5 167 252.5 167.5 252 168 251.5 168.5 251 168.5 250.5 168 250.5 167.5
250.5 168 253 168 254 168.5 253.5 169 253 169.5 252.5 169.5 252 169 252 168.5
252 169 254.5 169 255.5 169.5 255 170 254.5 170.5 254 170.5 253.5 170 253.5 169.5
253.5 170 256 170 257 170.5 256.5 171 256 171.5 255.5 171.5 255 171 255 170.5
255 171 257.5 171 258.5 171.5 258 172 257.5 172.5 257 172.5 256.5 172 256.5 171.5
256.5 172 259 172 260 172.5 259.5 173 259 173.5 258.5 173.5 258 173 258 172.5
258 173 260.5 173 261.5 173.5 261 174 260.5 174.5 260 174.5 259.5 174 259.5 173.5
259.5 174 262 174 263 174.5 262.5 175 262 175.5 261.5 175.5 261 175 261 174.5
261 175 263.5 175 264.5 175.5 264 176 263.5 176.5 263 176.5 262.5 176 262.5 175.5
262.5 176 265 176 266 176.5 265.5 177 265 177.5 264.5 177.5 264 177 264 176.5
264 177 266.5 177 267.5 177.5 267 178 266.5 178.5 266 178.5 265.5 178 265.5 177.5
265.5 178 268 178 269 178.5 268.5 179 268 179.5 267.5 179.5 267 179 267 178.5
267 179 269.5 179 270.5 179.5 270 180 269.5 180.5 269 180.5 268.5 180 268.5 179.5
268.5 180 271 180 272 180.5 271.5 181 271 181.5 270.5 181.5 270 181 270 180.5
270 181 272.5 181 273.5 181.5 273 182 272.5 182.5 272 182.5 271.5 182 271.5 181.5
271.5 182 274 182 275 182.5 274.5 183 274 183.5 273.5 183.5 273 183 273 182.5
273 183 275.5 183 276.5 183.5 276 184 275.5 184.5 275 184.5 274.5 184 274.5 183.5
274.5 184 277 184 278 184.5 277.5 185 277 185.5 276.5 185.5 276 185 276 184.5
276 185 278.5 185 279.5 185.5 279 186 278.5 186.5 278 186.5 277.5 186 277.5 185.5
277.5 186 280 186 281 186.5 280.5 187 280 187.5 279.5 187.5 279 187 279 186.5
279 187 281.5 187 282.5 187.5 282 188 281.5 188.5 281 188.5 280.5 188 280.5 187.5
280.5 188 283 188 284 188.5 283.5 189 283 189.5 282.5 189.5 282 189 282 188.5
282 189 284.5 189 285.5 189.5 285 190 284.5 190.5 284 190.5 283.5 190 283.5 189.5
283.5 190 286 190 287 190.5 286.5 191 286 191.5 285.5 191.5 285 191 285 190.5
285 191 287.5 191 288.5 191.5 288 192 287.5 192.5 287 192.5 286.5 192 286.5 191.5
286.5 192 289 192 290 192.5 289.5 193 289 193.5 288.5 193.5 288 193 288 192.5
288 193 290.5 193 291.5 193.5 291 194 290.5 194.5 290 194.5 289.5 194 289.5 193.5
289.5 194 292 194 293 194.5 292.5 195 292 195.5 291.5 195.5 291 195 291 194.5
291 195 293.5 195 294.5 195.5 294 196 293.5 196.5 293 196.5 292.5 196 292.5 195.5
292.5 196 295 196 296 196.5 295.5 197 295 197.5 294.5 197.5 294 197 294 196.5
294 197 296.5 197 297.5 197.5 297 198 296.5 198.5 296 198.5 295.5 198 295.5 197.5
295.5 198 298 198 299 198.5 298.5 199 298 199.5 297.5 199.5 297 199 297 198.5
297 199 299.5 199 300.5 199.5 300 200 299.5 200.5 299 200.5 298.5 200 298.5 199.5
298.5 200 301 200 302 200.5 301.5 201 301 201.5 300.5 201.5 300 201 300 200.5
300 201 302.5 201 303.5 201.5 303 202 302.5 202.5 302 202.5 301.5 202 301.5 201.5
301.5 202 304 202 305 202.5 304.5 203 304 203.5 303.5 203.5 303 203 303 202.5
303 203 305.5 203 306.5 203.5 306 204 305.5 204.5 305 204.5 304.5 204 304.5 203.5
304.5 204 307 204 308 204.5 307.5 205 307 205.5 306.5 205.5 306 205 306 204.5
306 205 308.5 205 309.5 205.5 309 206 308.5 206.5 308 206.5 307.5 206 307.5 205.5
307.5 206 310 206 311 206.5 310.5 207 310 207.5 309.5 207.5 309 207 309 206.5
309 207 311.5 207 312.5 207.5 312 208 311.5 208.5 311 208.5 310.5 208 310.5 207.5
310.5 208 313 208 314 208.5 313.5 209 313 209.5 312.5 209.5 312 209 312 208.5
312 209 314.5 209 315.5 209.5 315 210 314.5 210.5 314 210.5 313.5 210 313.5 209.5
313.5 210 316 210 317 210.5 316.5 211 316 211.5 315.5 211.5 315 211 315 210.5
315 211 317.5 211 318.5 211.5 318 212 317.5 212.5 317 212.5 316.5 212 316.5 211.5
316.5 212 319 212 320 212.5 319.5 213 319 213.5 318.5 213.5 318 213 318 212.5
318 213 320.5 213 321.5 213.5 321 214 320.5 214.5 320 214.5 319.5 214 319.5 213.5
319.5 214 322 214 323 214.5 322.5 215 322 215.5 321.5 215.5 321 215 321 214.5
321 215 323.5 215 324.5 215.5 324 216 323.5 216.5 323 216.5 322.5 216 322.5 215.5
322.5 216 325 216 326 216.5 325.5 217 325 217.5 324.5 217.5 324 217 324 216.5
324 217 326.5 217 327.5 217.5 327 218 326.5 218.5 326 218.5 325.5 218 325.5 217.5
325.5 218 328 218 329 218.5 328.5 219 328 219.5 327.5 219.5 327 219 327 218.5
327 219 329.5 219 330.5 219.5 330 220 329.5 220.5 329 220.5 328.5 220 328.5 219.5
328.5 220 331 220 332 220.5 331.5 221 331 221.5 330.5 221.5 330 221 330 220.5
330 221 332.5 221 333.5 221.5 333 222 332.5 222.5 332 222.5 331.5 222 331.5 221.5
331.5 222 334 222 335 222.5 334.5 223 334 223.5 333.5 223.5 333 223 333 222.5
333 223 335.5 223 336.5 223.5 336 224 335.5 224.5 335 224.5 334.5 224 334.5 223.5
334.5 224 337 224 338 224.5 337.5 225 337 225.5 336.5 225.5 336 225 336 224.5
336 225 338.5 225 339.5 225.5 339 226 338.5 226.5 338 226.5 337.5 226 337.5 225.5
337.5 226 340 226 341 226.5 340.5 227 340 227.5 339.5 227.5 339 227 339 226.5
339 227 341.5 227 342.5 227.5 342 228 341.5 228.5 341 228.5 340.5 228 340.5 227.5
340.5 228 343 228 344 228.5 343.5 229 343 229.5 342.5 229.5 342 229 342 228.5
342 229 344.5 229 345.5 229.5 345 230 344.5 230.5 344 230.5 343.5 230 343.5 229.5
343.5 230 346 230 347 230.5 346.5 231 346 231.5 345.5 231.5 345 231 345 230.5
345 231 347.5 231 348.5 231.5 348 232 347.5 232.5 347 232.5 346.5 232 346.5 231.5
346.5 232 349 232 350 232.5 349.5 233 349 233.5 348.5 233.5 348 233 348 232.5
348 233 350.5 233 351.5 233.5 351 234 350.5 234.5 350 234.5 349.5 234 349.5 233.5
349.5 234 352 234 353 234.5 352.5 235 352 235.5 351.5 235.5 351 235 351 234.5
351 235 353.5 235 354.5 235.5 354 236 353.5 236.5 353 236.5 352.5 236 352.5 235.5
352.5 236 355 236 356 236.5 355.5 237 355 237.5 354.5 237.5 354 237 354 236.5
354 237 356.5 237 357.5 237.5 357 238 356.5 238.5 356 238.5 355.5 238 355.5 237.5
355.5 238 358 238 359 238.5 358.5 239 358 239.5 357.5 239.5 357 239 357 238.5
357 239 359.5 239 360.5 239.5 360 240 359.5 240.5 359 240.5 358.5 240 358.5 239.5
358.5 240 361 240 362 240.5 361.5 241 361 241.5 360.5 241.5 360 241 360 240.5
360 241 362.5 241 363.5 241.5 363 242 362.5 242.5 362 242.5 361.5 242 361.5 241.5
361.5 242 364 242 365 242.5 364.5 243 364 243.5 363.5 243.5 363 243 363 242.5
363 243 365.5 243 366.5 243.5 366 244 365.5 244.5 365 244.5 364.5 244 364.5 243.5
364.5 244 367 244 368 244.5 367.5 245 367 245.5 366.5 245.5 366 245 366 244.5
366 245 368.5 245 369.5 245.5 369 246 368.5 246.5 368 246.5 367.5 246 367.5 245.5
367.5 246 370 246 371 246.5 370.5 247 370 247.5 369.5 247.5 369 247 369 246.5
369 247 371.5 247 372.5 247.5 372 248 371.5 248.5 371 248.5 370.5 248 370.5 247.5
370.5 248 373 248 374 248.5 373.5 249 373 249.5 372.5 249.5 372 249 372 248.5
372 249 374.5 249 375.5 249.5 375 250 374.5 250.5 374 250.5 373.5 250 373.5 249.5
373.5 250 376 250 377 250.5 376.5 251 376 251.5 375.5 251.5 375 251 375 250.5
375 251 377.5 251 378.5 251.5 378 252 377.5 252.5 377 252.5 376.5 252 376.5 251.5
376.5 252 379 252 380 252.5 379.5 253 379 253.5 378.5 253.5 378 253 378 252.5
378 253 380.5 253 381.5 253.5 381 254 380.5 254.5 380 254.5 379.5 254 379.5 253.5
379.5 254 382 254 383 254.5 382.5 255 382 255.5 381.5 255.5 381 255 381 254.5
381 255 383.5 255 384.5 255.5 384 256 383.5 256.5 383 256.5 382.5 256 382.5 255.5
382.5 256 385 256 386 256.5 385.5 257 385 257.5 384.5 257.5 384 257 384 256.5
384 257 386.5 257 387.5 257.5 387 258 386.5 258.5 386 258.5 385.5 258 385.5 257.5
385.5 258 388 258 389 258.5 388.5 259 388 259.5 387.5 259.5 387 259 387 258.5
387 259 389.5 259 390.5 259.5 390 260 389.5 260.5 389 260.5 388.5 260 388.5 259.5
388.5 260 391 260 392 260.5 391.5 261 391 261.5 390.5 261.5 390 261 390 260.5
390 261 392.5 261 393.5 261.5 393 262 392.5 262.5 392 262.5 391.5 262 391.5 261.5
391.5 262 394 262 395 262.5 394.5 263 394 263.5 393.5 263.5 393 263 393 262.5
393 263 395.5 263 396.5 263.5 396 264 395.5 264.5 395 264.5 394.5 264 394.5 263.5
394.5 264 397 264 398 264.5 397.5 265 397 265.5 396.5 265.5 396 265 396 264.5
396 265 398.5 265 399.5 265.5 399 266 398.5 266.5 398 266.5 397.5 266 397.5 265.5
397.5 266 400 266 401 266.5 400.5 267 400 267.5 399.5 267.5 399 267 399 266.5
399 267 401.5 267 402.5 267.5 402 268 401.5 268.5 401 268.5 400.5 268 400.5 267.5
400.5 268 403 268 404 268.5 403.5 269 403 269.5 402.5 269.5 402 269 402 268.5
402 269 404.5 269 405.5 269.5 405 270 404.5 270.5 404 270.5 403.5 270 403.5 269.5
403.5 270 406 270 407 270.5 406.5 271 406 271.5 405.5 271.5 405 271 405 270.5
405 271 407.5 271 408.5 271.5 408 272 407.5 272.5 407 272.5 406.5 272 406.5 271.5
406.5 272 409 272 410 272.5 409.5 273 409 273.5 408.5 273.5 408 273 408 272.5
408 273 410.5 273 411.5 273.5 411 274 410.5 274.5 410 274.5 409.5 274 409.5 273.5
409.5 274 412 274 413 274.5 412.5 275 412 275.5 411.5 275.5 411 275 411 274.5
411 275 413.5 275 414.5 275.5 414 276 413.5 276.5 413 276.5 412.5 276 412.5 275.5
412.5 276 415 276 416 276.5 415.5 277 415 277.5 414.5 277.5 414 277 414 276.5
414 277 416.5 277 417.5 277.5 417 278 416.5 278.5 416 278.5 415.5 278 415.5 277.5
415.5 278 418 278 419 278.5 418.5 279 418 279.5 417.5 279.5 417 279 417 278.5
417 279 419.5 279 420.5 279.5 420 280 419.5 280.5 419 280.5 418.5 280 418.5 279.5
418.5 280 421 280 422 280.5 421.5 281 421 281.5 420.5 281.5 420 281 420 280.5
420 281 422.5 281 423.5 281.5 423 282 422.5 282.5 422 282.5 421.5 282 421.5 281.5
421.5 282 424 282 425 282.5 424.5 283 424 283.5 423.5 283.5 423 283 423 282.5
423 283 425.5 283 426.5 283.5 426 284 425.5 284.5 425 284.5 424.5 284 424.5 283.5
424.5 284 427 284 428 284.5 427.5 285 427 285.5 426.5 285.5 426 285 426 284.5
426 285 428.5 285 429.5 285.5 429 286 428.5 286.5 428 286.5 427.5 286 427.5 285.5
427.5 286 430 286 431 286.5 430.5 287 430 287.5 429.5 287.5 429 287 429 286.5
429 287 431.5 287 432.5 287.5 432 288 431.5 288.5 431 288.5 430.5 288 430.5 287.5
430.5 288 433 288 434 288.5 433.5 289 433 289.5 432.5 289.5 432 289 432 288.5
432 289 434.5 289 435.5 289.5 435 290 434.5 290.5 434 290.5 433.5 290 433.5 289.5
433.5 290 436 290 437 290.5 436.5 291 436 291.5 435.5 291.5 435 291 435 290.5
435 291 437.5 291 438.5 291.5 438 292 437.5 292.5 437 292.5 436.5 292 436.5 291.5
436.5 292 439 292 440 292.5 439.5 293 439 293.5 438.5 293.5 438 293 438 292.5
438 293 440.5 293 441.5 293.5 441 294 440.5 294.5 440 294.5 439.5 294 439.5 293.5
439.5 294 442 294 443 294.5 442.5 295 442 295.5 441.5 295.5 441 295 441 294.5
441 295 443.5 295 444.5 295.5 444 296 443.5 296.5 443 296.5 442.5 296 442.5 295.5
442.5 296 445 296 446 296.5 445.5 297 445 297.5 444.5 297.5 444 297 444 296.5
444 297 446.5 297 447.5 297.5 447 298 446.5 298.5 446 298.5 445.5 298 445.5 297.5
445.5 298 448 298 449 298.5 448.5 299 448 299.5 447.5 299.5 447 299 447 298.5
447 299 449.5 299 450.5 299.5 450 300 449.5 300.5 449 300.5 448.5 300 448.5 299.5
448.5 300 451 300 452 300.5 451.5 301 451 301.5 450.5 301.5 450 301 450 300.5
450 301 452.5 301 453.5 301.5 453 302 452.5 302.5 452 302.5 451.5 302 451.5 301.5
451.5 302 454 302 455 302.5 454.5 303 454 303.5 453.5 303.5 453 303 453 302.5
453 303 455.5 303 456.5 303.5 456 304 455.5 304.5 455 304.5 454.5 304 454.5 303.5
454.5 304 457 304 458 304.5 457.5 305 457 305.5 456.5 305.5 456 305 456 304.5
456 305 458.5 305 459.5 305.5 459 306 458.5 306.5 458 306.5 457.5 306 457.5 305.5
457.5 306 460 306 461 306.5 460.5 307 460 307.5 459.5 307.5 459 307 459 306.5
459 307 461.5 307 462.5 307.5 462 308 461.5 308.5 461 308.5 460.5 308 460.5 307.5
460.5 308 463 308 464 308.5 463.5 309 463 309.5 462.5 309.5 462 309 462 308.5
462 309 464.5 309 465.5 309.5 465 310 464.5 310.5 464 310.5 463.5 310 463.5 309.5
463.5 310 466 310 467 310.5 466.5 311 466 311.5 465.5 311.5 465 311 465 310.5
465 311 467.5 311 468.5 311.5 468 312 467.5 312.5 467 312.5 466.5 312 466.5 311.5
466.5 312 469 312 470 312.5 469.5 313 469 313.5 468.5 313.5 468 313 468 312.5
468 313 470.5 313 471.5 313.5 471 314 470.5 314.5 470 314.5 469.5 314 469.5 313.5
469.5 314 472 314 473 314.5 472.5 315 472 315.5 471.5 315.5 471 315 471 314.5
471 315 473.5 315 474.5 315.5 474 316 473.5 316.5 473 316.5 472.5 316 472.5 315.5
472.5 316 475 316 476 316.5 475.5 317 475 317.5 474.5 317.5 474 317 474 316.5
474 317 476.5 317 477.5 317.5 477 318 476.5 318.5 476 318.5 475.5 318 475.5 317.5
475.5 318 478 318 479 318.5 478.5 319 478 319.5 477.5 319.5 477 319 477 318.5
477 319 479.5 319 480.5 319.5 480 320 479.5 320.5 479 320.5 478.5 320 478.5 319.5
478.5 320 481 320 482 320.5 481.5 321 481 321.5 480.5 321.5 480 321 480 320.5
480 321 482.5 321 483.5 321.5 483 322 482.5 322.5 482 322.5 481.5 322 481.5 321.5
481.5 322 484 322 485 322.5 484.5 323 484 323.5 483.5 323.5 483 323 483 322.5
483 323 485.5 323 486.5 323.5 486 324 485.5 324.5 485 324.5 484.5 324 484.5 323.5
484.5 324 487 324 488 324.5 487.5 325 487 325.5 486.5 325.5 486 325 486 324.5
486 325 488.5 325 489.5 325.5 489 326 488.5 326.5 488 326.5 487.5 326 487.5 325.5
487.5 326 490 326 491 326.5 490.5 327 490 327.5 489.5 327.5 489 327 489 326.5
489 327 491.5 327 492.5 327.5 492 328 491.5 328.5 491 328.5 490.5 328 490.5 327.5
490.5 328 493 328 494 328.5 493.5 329 493 329.5 492.5 329.5 492 329 492 328.5
492 329 494.5 329 495.5 329.5 495 330 494.5 330.5 494 330.5 493.5 330 493.5 329.5
493.5 330 496 330 497 330.5 496.5 331 496 331.5 495.5 331.5 495 331 495 330.5
495 331 497.5 331 498.5 331.5 498 332 497.5 332.5 497 332.5 496.5 332 496.5 331.5
496.5 332 499 332 500 332.5 499.5 333 499 333.5 498.5 333.5 498 333 498 332.5
498 333 500.5 333 501.5 333.5 501 334 500.5 334.5 500 334.5 499.5 334 499.5 333.5
499.5 334 502 334 503 334.5 502.5 335 502 335.5 501.5 335.5 501 335 501 334.5
501 335 503.5 335 504.5 335.5 504 336 503.5 336.5 503 336.5 502.5 336 502.5 335.5
502.5 336 505 336 506 336.5 505.5 337 505 337.5 504.5 337.5 504 337 504 336.5
504 337 506.5 337 507.5 337.5 507 338 506.5 338.5 506 338.5 505.5 338 505.5 337.5
505.5 338 508 338 509 338.5 508.5 339 508 339.5 507.5 339.5 507 339 507 338.5
507 339 509.5 339 510.5 339.5 510 340 509.5 340.5 509 340.5 508.5 340 508.5 339.5
508.5 340 511 340 512 340.5 511.5 341 511 341.5 510.5 341.5 510 341 510 340.5
510 341 512.5 341 513.5 341.5 513 342 512.5 342.5 512 342.5 511.5 342 511.5 341.5
511.5 342 514 342 515 342.5 514.5 343 514 343.5 513.5 343.5 513 343 513 342.5
513 343 515.5 343 516.5 343.5 516 344 515.5 344.5 515 344.5 514.5 344 514.5 343.5
514.5 344 517 344 518 344.5 517.5 345 517 345.5 516.5 345.5 516 345 516 344.5
516 345 518.5 345 519.5 345.5 519 346 518.5 346.5 518 346.5 517.5 346 517.5 345.5
517.5 346 520 346 521 346.5 520.5 347 520 347.5 519.5 347.5 519 347 519 346.5
519 347 521.5 347 522.5 347.5 522 348 521.5 348.5 521 348.5 520.5 348 520.5 347.5
520.5 348 523 348 524 348.5 523.5 349 523 349.5 522.5 349.5 522 349 522 348.5
522 349 524.5 349 525.5 349.5 525 350 524.5 350.5 524 350.5 523.5 350 523.5 349.5
523.5 350 526 350 527 350.5 526.5 351 526 351.5 525.5 351.5 525 351 525 350.5
525 351 527.5 351 528.5 351.5 528 352 527.5 352.5 527 352.5 526.5 352 526.5 351.5
526.5 352 529 352 530 352.5 529.5 353 529 353.5 528.5 353.5 528 353 528 352.5
528 353 530.5 353 531.5 353.5 531 354 530.5 354.5 530 354.5 529.5 354 529.5 353.5
529.5 354 532 354 533 354.5 532.5 355 532 355.5 531.5 355.5 531 355 531 354.5
531 355 533.5 355 534.5 355.5 534 356 533.5 356.5 533 356.5 532.5 356 532.5 355.5
532.5 356 535 356 536 356.5 535.5 357 535 357.5 534.5 357.5 534 357 534 356.5
534 357 536.5 357 537.5 357.5 537 358 536.5 358.5 536 358.5 535.5 358 535.5 357.5
535.5 358 538 358 539 358.5 538.5 359 538 359.5 537.5 359.5 537 359 537 358.5
537 359 539.5 359 540.5 359.5 540 360 539.5 360.5 539 360.5 538.5 360 538.5 359.5
538.5 360 541 360 542 360.5 541.5 361 541 361.5 540.5 361.5 540 361 540 360.5
540 361 542.5 361 543.5 361.5 543 362 542.5 362.5 542 362.5 541.5 362 541.5 361.5
541.5 362 544 362 545 362.5 544.5 363 544 363.5 543.5 363.5 543 363 543 362.5
543 363 545.5 363 546.5 363.5 546 364 545.5 364.5 545 364.5 544.5 364 544.5 363.5
544.5 364 547 364 548 364.5 547.5 365 547 365.5 546.5 365.5 546 365 546 364.5
546 365 548.5 365 549.5 365.5 549 366 548.5 366.5 548 366.5 547.5 366 547.5 365.5
547.5 366 550 366 551 366.5 550.5 367 550 367.5 549.5 367.5 549 367 549 366.5
549 367 551.5 367 552.5 367.5 552 368 551.5 368.5 551 368.5 550.5 368 550.5 367.5
550.5 368 553 368 554 368.5 553.5 369 553 369.5 552.5 369.5 552 369 552 368.5
552 369 554.5 369 555.5 369.5 555 370 554.5 370.5 554 370.5 553.5 370 553.5 369.5
553.5 370 556 370 557 370.5 556.5 371 556 371.5 555.5 371.5 555 371 555 370.5
555 371 557.5 371 558.5 371.5 558 372 557.5 372.5 557 372.5 556.5 372 556.5 371.5
556.5 372 559 372 560 372.5 559.5 373 559 373.5 558.5 373.5 558 373 558 372.5
558 373 560.5 373 561.5 373.5 561 374 560.5 374.5 560 374.5 559.5 374 559.5 373.5
559.5 374 562 374 563 374.5 562.5 375 562 375.5 561.5 375.5 561 375 561 374.5
561 375 563.5 375 564.5 375.5 564 376 563.5 376.5 563 376.5 562.5 376 562.5 375.5
562.5 376 565 376 566 376.5 565.5 377 565 377.5 564.5 377.5 564 377 564 376.5
564 377 566.5 377 567.5 377.5 567 378 566.5 378.5 566 378.5 565.5 378 565.5 377.5
565.5 378 568 378 569 378.5 568.5 379 568 379.5 567.5 379.5 567 379 567 378.5
567 379 569.5 379 570.5 379.5 570 380 569.5 380.5 569 380.5 568.5 380 568.5 379.5
568.5 380 571 380 572 380.5 571.5 381 571 381.5 570.5 381.5 570 381 570 380.5
570 381 572.5 381 573.5 381.5 573 382 572.5 382.5 572 382.5 571.5 382 571.5 381.5
571.5 382 574 382 575 382.5 574.5 383 574 383.5 573.5 383.5 573 383 573 382.5
573 383 575.5 383 576.5 383.5 576 384 575.5 384.5 575 384.5 574.5 384 574.5 383.5
574.5 384 577 384 578 384.5 577.5 385 577 385.5 576.5 385.5 576 385 576 384.5
576 385 578.5 385 579.5 385.5 579 386 578.5 386.5 578 386.5 577.5 386 577.5 385.5
577.5 386 580 386 581 386.5 580.5 387 580 387.5 579.5 387.5 579 387 579 386.5
579 387 581.5 387 582.5 387.5 582 388 581.5 388.5 581 388.5 580.5 388 580.5 387.5
580.5 388 583 388 584 388.5 583.5 389 583 389.5 582.5 389.5 582 389 582 388.5
582 389 584.5 389 585.5 389.5 585 390 584.5 390.5 584 390.5 583.5 390 583.5 389.5
583.5 390 586 390 587 390.5 586.5 391 586 391.5 585.5 391.5 585 391 585 390.5
585 391 587.5 391 588.5 391.5 588 392 587.5 392.5 587 392.5 586.5 392 586.5 391.5
586.5 392 589 392 590 392.5 589.5 393 589 393.5 588.5 393.5 588 393 588 392.5
588 393 590.5 393 591.5 393.5 591 394 590.5 394.5 590 394.5 589.5 394 589.5 393.5
589.5 394 592 394 593 394.5 592.5 395 592 395.5 591.5 395.5 591 395 591 394.5
591 395 593.5 395 594.5 395.5 594 396 593.5 396.5 593 396.5 592.5 396 592.5 395.5
592.5 396 595 396 596 396.5 595.5 397 595 397.5 594.5 397.5 594 397 594 396.5
594 397 596.5 397 597.5 397.5 597 398 596.5 398.5 596 398.5 595.5 398 595.5 397.5
595.5 398 598 398 599 398.5 598.5 399 598 399.5 597.5 399.5 597 399 597 398.5
597 399 599.5 399 600.5 399.5 600 400 599.5 400.5 599 400.5 598.5 400 598.5 399.5
598.5 400 601 400 602 400.5 601.5 401 601 401.5 600.5 401.5 600 401 600 400.5
600 401 602.5 401 603.5 401.5 603 402 602.5 402.5 602 402.5 601.5 402 601.5 401.5
601.5 402 604 402 605 402.5 604.5 403 604 403.5 603.5 403.5 603 403 603 402.5
603 403 605.5 403 606.5 403.5 606 404 605.5 404.5 605 404.5 604.5 404 604.5 403.5
604.5 404 607 404 608 404.5 607.5 405 607 405.5 606.5 405.5 606 405 606 404.5
606 405 608.5 405 609.5 405.5 609 406 608.5 406.5 608 406.5 607.5 406 607.5 405.5
607.5 406 610 406 611 406.5 610.5 407 610 407.5 609.5 407.5 609 407 609 406.5
609 407 611.5 407 612.5 407.5 612 408 611.5 408.5 611 408.5 610.5 408 610.5 407.5
610.5 408 613 408 614 408.5 613.5 409 613 409.5 612.5 409.5 612 409 612 408.5
612 409 614.5 409 615.5 409.5 615 410 614.5 410.5 614 410.5 613.5 410 613.5 409.5
613.5 410 616 410 617 410.5 616.5 411 616 411.5 615.5 411.5 615 411 615 410.5
615 411 617.5 411 618.5 411.5 618 412 617.5 412.5 617 412.5 616.5 412 616.5 411.5
616.5 412 619 412 620 412.5 619.5 413 619 413.5 618.5 413.5 618 413 618 412.5
618 413 620.5 413 621.5 413.5 621 414 620.5 414.5 620 414.5 619.5 414 619.5 413.5
619.5 414 622 414 623 414.5 622.5 415 622 415.5 621.5 415.5 621 415 621 414.5
621 415 623.5 415 624.5 415.5 624 416 623.5 416.5 623 416.5 622.5 416 622.5 415.5
622.5 416 625 416 626 416.5 625.5 417 625 417.5 624.5 417.5 624 417 624 416.5
624 417 626.5 417 627.5 417.5 627 418 626.5 418.5 626 418.5 625.5 418 625.5 417.5
625.5 418 628 418 629 418.5 628.5 419 628 419.5 627.5 419.5 627 419 627 418.5
627 419 629.5 419 630.5 419.5 630 420 629.5 420.5 629 420.5 628.5 420 628.5 419.5
628.5 420 631 420 632 420.5 631.5 421 631 421.5 630.5 421.5 630 421 630 420.5
630 421 632.5 421 633.5 421.5 633 422 632.5 422.5 632 422.5 631.5 422 631.5 421.5
631.5 422 634 422 635 422.5 634.5 423 634 423.5 633.5 423.5 633 423 633 422.5
633 423 635.5 423 636.5 423.5 636 424 635.5 424.5 635 424.5 634.5 424 634.5 423.5
634.5 424 637 424 638 424.5 637.5 425 637 425.5 636.5 425.5 636 425 636 424.5
636 425 638.5 425 639.5 425.5 639 426 638.5 426.5 638 426.5 637.5 426 637.5 425.5
637.5 426 640 426 641 426.5 640.5 427 640 427.5 639.5 427.5 639 427 639 426.5
639 427 641.5 427 642.5 427.5 642 428 641.5 428.5 641 428.5 640.5 428 640.5 427.5
640.5 428 643 428 644 428.5 643.5 429 643 429.5 642.5 429.5 642 429 642 428.5
642 429 644.5 429 645.5 429.5 645 430 644.5 430.5 644 430.5 643.5 430 643.5 429.5
643.5 430 646 430 647 430.5 646.5 431 646 431.5 645.5 431.5 645 431 645 430.5
645 431 647.5 431 648.5 431.5 648 432 647.5 432.5 647 432.5 646.5 432 646.5 431.5
646.5 432 649 432 650 432.5 649.5 433 649 433.5 648.5 433.5 648 433 648 432.5
648 433 650.5 433 651.5 433.5 651 434 650.5 434.5 650 434.5 649.5 434 649.5 433.5
649.5 434 652 434 653 434.5 652.5 435 652 435.5 651.5 435.5 651 435 651 434.5
651 435 653.5 435 654.5 435.5 654 436 653.5 436.5 653 436.5 652.5 436 652.5 435.5
652.5 436 655 436 656 436.5 655.5 437 655 437.5 654.5 437.5 654 437 654 436.5
654 437 656.5 437 657.5 437.5 657 438 656.5 438.5 656 438.5 655.5 438 655.5 437.5
655.5 438 658 438 659 438.5 658.5 439 658 439.5 657.5 439.5 657 439 657 438.5
657 439 659.5 439 660.5 439.5 660 440 659.5 440.5 659 440.5 658.5 440 658.5 439.5
658.5 440 661 440 662 440.5 661.5 441 661 441.5 660.5 441.5 660 441 660 440.5
660 441 662.5 441 663.5 441.5 663 442 662.5 442.5 662 442.5 661.5 442 661.5 441.5
661.5 442 664 442 665 442.5 664.5 443 664 443.5 663.5 443.5 663 443 663 442.5
663 443 665.5 443 666.5 443.5 666 444 665.5 444.5 665 444.5 664.5 444 664.5 443.5
664.5 444 667 444 668 444.5 667.5 445 667 445.5 666.5 445.5 666 445 666 444.5
666 445 668.5 445 669.5 445.5 669 446 668.5 446.5 668 446.5 667.5 446 667.5 445.5
667.5 446 670 446 671 446.5 670.5 447 670 447.5 669.5 447.5 669 447 669 446.5
669 447 671.5 447 672.5 447.5 672 448 671.5 448.5 671 448.5 670.5 448 670.5 447.5
670.5 448 673 448 674 448.5 673.5 449 673 449.5 672.5 449.5 672 449 672 448.5
672 449 674.5 449 675.5 449.5 675 450 674.5 450.5 674 450.5 673.5 450 673.5 449.5
673.5 450 676 450 677 450.5 676.5 451 676 451.5 675.5 451.5 675 451 675 450.5
675 451 677.5 451 678.5 451.5 678 452 677.5 452.5 677 452.5 676.5 452 676.5 451.5
676.5 452 679 452 680 452.5 679.5 453 679 453.5 678.5 453.5 678 453 678 452.5
678 453 680.5 453 681.5 453.5 681 454 680.5 454.5 680 454.5 679.5 454 679.5 453.5
679.5 454 682 454 683 454.5 682.5 455 682 455.5 681.5 455.5 681 455 681 454.5
681 455 683.5 455 684.5 455.5 684 456 683.5 456.5 683 456.5 682.5 456 682.5 455.5
682.5 456 685 456 686 456.5 685.5 457 685 457.5 684.5 457.5 684 457 684 456.5
684 457 686.5 457 687.5 457.5 687 458 686.5 458.5 686 458.5 685.5 458 685.5 457.5
685.5 458 688 458 689 458.5 688.5 459 688 459.5 687.5 459.5 687 459 687 458.5
687 459 689.5 459 690.5 459.5 690 460 689.5 460.5 689 460.5 688.5 460 688.5 459.5
688.5 460 691 460 692 460.5 691.5 461 691 461.5 690.5 461.5 690 461 690 460.5
690 461 692.5 461 693.5 461.5 693 462 692.5 462.5 692 462.5 691.5 462 691.5 461.5
691.5 462 694 462 695 462.5 694.5 463 694 463.5 693.5 463.5 693 463 693 462.5
693 463 695.5 463 696.5 463.5 696 464 695.5 464.5 695 464.5 694.5 464 694.5 463.5
694.5 464 697 464 698 464.5 697.5 465 697 465.5 696.5 465.5 696 465 696 464.5
696 465 698.5 465 699.5 465.5 699 466 698.5 466.5 698 466.5 697.5 466 697.5 465.5
697.5 466 700 466 701 466.5 700.5 467 700 467.5 699.5 467.5 699 467 699 466.5
699 467 701.5 467 702.5 467.5 702 468 701.5 468.5 701 468.5 700.5 468 700.5 467.5
700.5 468 703 468 704 468.5 703.5 469 703 469.5 702.5 469.5 702 469 702 468.5
702 469 704.5 469 705.5 469.5 705 470 704.5 470.5 704 470.5 703.5 470 703.5 469.5
703.5 470 706 470 707 470.5 706.5 471 706 471.5 705.5 471.5 705 471 705 470.5
705 471 707.5 471 708.5 471.5 708 472 707.5 472.5 707 472.5 706.5 472 706.5 471.5
706.5 472 709 472 710 472.5 709.5 473 709 473.5 708.5 473.5 708 473 708 472.5
708 473 710.5 473 711.5 473.5 711 474 710.5 474.5 710 474.5 709.5 474 709.5 473.5
709.5 474 712 474 713 474.5 712.5 475 712 475.5 711.5 475.5 711 475 711 474.5
711 475 713.5 475 714.5 475.5 714 476 713.5 476.5 713 476.5 712.5 476 712.5 475.5
712.5 476 715 476 716 476.5 715.5 477 715 477.5 714.5 477.5 714 477 714 476.5
714 477 716.5 477 717.5 477.5 717 478 716.5 478.5 716 478.5 715.5 478 715.5 477.5
715.5 478 718 478 719 478.5 718.5 479 718 479.5 717.5 479.5 717 479 717 478.5
717 479 719.5 479 720.5 479.5 720 480 719.5 480.5 719 480.5 718.5 480 718.5 479.5
718.5 480 721 480 722 480.5 721.5 481 721 481.5 720.5 481.5 720 481 720 480.5
720 481 722.5 481 723.5 481.5 723 482 722.5 482.5 722 482.5 721.5 482 721.5 481.5
721.5 482 724 482 725 482.5 724.5 483 724 483.5 723.5 483.5 723 483 723 482.5
723 483 725.5 483 726.5 483.5 726 484 725.5 484.5 725 484.5 724.5 484 724.5 483.5
724.5 484 727 484 728 484.5 727.5 485 727 485.5 726.5 485.5 726 485 726 484.5
726 485 728.5 485 729.5 485.5 729 486 728.5 486.5 728 486.5 727.5 486 727.5 485.5
727.5 486 730 486 731 486.5 730.5 487 730 487.5 729.5 487.5 729 487 729 486.5
729 487 731.5 487 732.5 487.5 732 488 731.5 488.5 731 488.5 730.5 488 730.5 487.5
730.5 488 733 488 734 488.5 733.5 489 733 489.5 732.5 489.5 732 489 732 488.5
732 489 734.5 489 735.5 489.5 735 490 734.5 490.5 734 490.5 733.5 490 733.5 489.5
733.5 490 736 490 737 490.5 736.5 491 736 491.5 735.5 491.5 735 491 735 490.5
735 491 737.5 491 738.5 491.5 738 492 737.5 492.5 737 492.5 736.5 492 736.5 491.5
736.5 492 739 492 740 492.5 739.5 493 739 493.5 738.5 493.5 738 493 738 492.5
738 493 740.5 493 741.5 493.5 741 494 740.5 494.5 740 494.5 739.5 494 739.5 493.5
739.5 494 742 494 743 494.5 742.5 495 742 495.5 741.5 495.5 741 495 741 494.5
741 495 743.5 495 744.5 495.5 744 496 743.5 496.5 743 496.5 742.5 496 742.5 495.5
742.5 496 745 496 746 496.5 745.5 497 745 497.5 744.5 497.5 744 497 744 496.5
744 497 746.5 497 747.5 497.5 747 498 746.5 498.5 746 498.5 745.5 498 745.5 497.5
745.5 498 748 498 749 498.5 748.5 499 748 499.5 747.5 499.5 747 499 747 498.5
747 499 749.5 499 750.5 499.5 750 500 749.5 500.5 749 500.5 748.5 500 748.5 499.5
748.5 500 751 500 752 500.5 751.5 501 751 501.5 750.5 501.5 750 501 750 500.5
750 501 752.5 501 753.5 501.5 753 502 752.5 502.5 752 502.5 751.5 502 751.5 501.5
751.5 502 754 502 755 502.5 754.5 503 754 503.5 753.5 503.5 753 503 753 502.5
753 503 755.5 503 756.5 503.5 756 504 755.5 504.5 755 504.5 754.5 504 754.5 503.5
754.5 504 757 504 758 504.5 757.5 505 757 505.5 756.5 505.5 756 505 756 504.5
756 505 758.5 505 759.5 505.5 759 506 758.5 506.5 758 506.5 757.5 506 757.5 505.5
757.5 506 760 506 761 506.5 760.5 507 760 507.5 759.5 507.5 759 507 759 506.5
759 507 761.5 507 762.5 507.5 762 508 761.5 508.5 761 508.5 760.5 508 760.5 507.5
760.5 508 763 508 764 508.5 763.5 509 763 509.5 762.5 509.5 762 509 762 508.5
762 509 764.5 509 765.5 509.5 765 510 764.5 510.5 764 510.5 763.5 510 763.5 509.5
763.5 510 766 510 767 510.5 766.5 511 766 511.5 765.5 511.5 765 511 765 510.5
765 511 767.5 511 768.5 511.5 768 512 767.5 512.5 767 512.5 766.5 512 766.5 511.5
766.5 512 769 512 770 512.5 769.5 513 769 513.5 768.5 513.5 768 513 768 512.5
768 513 770.5 513 771.5 513.5 771 514 770.5 514.5 770 514.5 769.5 514 769.5 513.5
769.5 514 772 514 773 514.5 772.5 515 772 515.5 771.5 515.5 771 515 771 514.5
771 515 773.5 515 774.5 515.5 774 516 773.5 516.5 773 516.5 772.5 516 772.5 515.5
772.5 516 775 516 776 516.5 775.5 517 775 517.5 774.5 517.5 774 517 774 516.5
774 517 776.5 517 777.5 517.5 777 518 776.5 518.5 776 518.5 775.5 518 775.5 517.5
775.5 518 778 518 779 518.5 778.5 519 778 519.5 777.5 519.5 777 519 777 518.5
777 519 779.5 519 780.5 519.5 780 520 779.5 520.5 779 520.5 778.5 520 778.5 519.5
778.5 520 781 520 782 520.5 781.5 521 781 521.5 780.5 521.5 780 521 780 520.5
780 521 782.5 521 783.5 521.5 783 522 782.5 522.5 782 522.5 781.5 522 781.5 521.5
781.5 522 784 522 785 522.5 784.5 523 784 523.5 783.5 523.5 783 523 783 522.5
783 523 785.5 523 786.5 523.5 786 524 785.5 524.5 785 524.5 784.5 524 784.5 523.5
784.5 524 787 524 788 524.5 787.5 525 787 525.5 786.5 525.5 786 525 786 524.5
786 525 788.5 525 789.5 525.5 789 526 788.5 526.5 788 526.5 787.5 526 787.5 525.5
787.5 526 790 526 791 526.5 790.5 527 790 527.5 789.5 527.5 789 527 789 526.5
789 527 791.5 527 792.5 527.5 792 528 791.5 528.5 791 528.5 790.5 528 790.5 527.5
790.5 528 793 528 794 528.5 793.5 529 793 529.5 792.5 529.5 792 529 792 528.5
792 529 794.5 529 795.5 529.5 795 530 794.5 530.5 794 530.5 793.5 530 793.5 529.5
793.5 530 796 530 797 530.5 796.5 531 796 531.5 795.5 531.5 795 531 795 530.5
795 531 797.5 531 798.5 531.5 798 532 797.5 532.5 797 532.5 796.5 532 796.5 531.5
796.5 532 799 532 800 532.5 799.5 533 799 533.5 798.5 533.5 798 533 798 532.5
798 533 800.5 533 801.5 533.5 801 534 800.5 534.5 800 534.5 799.5 534 799.5 533.5
799.5 534 802 534 803 534.5 802.5 535 802 535.5 801.5 535.5 801 535 801 534.5
801 535 803.5 535 804.5 535.5 804 536 803.5 536.5 803 536.5 802.5 536 802.5 535.5
802.5 536 805 536 806 536.5 805.5 537 805 537.5 804.5 537.5 804 537 804 536.5
804 537 806.5 537 807.5 537.5 807 538 806.5 538.5 806 538.5 805.5 538 805.5 537.5
805.5 538 808 538 809 538.5 808.5 539 808 539.5 807.5 539.5 807 539 807 538.5
807 539 809.5 539 810.5 539.5 810 540 809.5 540.5 809 540.5 808.5 540 808.5 539.5
808.5 540 811 540 812 540.5 811.5 541 811 541.5 810.5 541.5 810 541 810 540.5
810 541 812.5 541 813.5 541.5 813 542 812.5 542.5 812 542.5 811.5 542 811.5 541.5
811.5 542 814 542 815 542.5 814.5 543 814 543.5 813.5 543.5 813 543 813 542.5
813 543 815.5 543 816.5 543.5 816 544 815.5 544.5 815 544.5 814.5 544 814.5 543.5
814.5 544 817 544 818 544.5 817.5 545 817 545.5 816.5 545.5 816 545 816 544.5
816 545 818.5 545 819.5 545.5 819 546 818.5 546.5 818 546.5 817.5 546 817.5 545.5
817.5 546 820 546 821 546.5 820.5 547 820 547.5 819.5 547.5 819 547 819 546.5
819 547 821.5 547 822.5 547.5 822 548 821.5 548.5 821 548.5 820.5 548 820.5 547.5
820.5 548 823 548 824 548.5 823.5 549 823 549.5 822.5 549.5 822 549 822 548.5
822 549 824.5 549 825.5 549.5 825 550 824.5 550.5 824 550.5 823.5 550 823.5 549.5
823.5 550 826 550 827 550.5 826.5 551 826 551.5 825.5 551.5 825 551 825 550.5
825 551 827.5 551 828.5 551.5 828 552 827.5 552.5 827 552.5 826.5 552 826.5 551.5
826.5 552 829 552 830 552.5 829.5 553 829 553.5 828.5 553.5 828 553 828 552.5
828 553 830.5 553 831.5 553.5 831 554 830.5 554.5 830 554.5 829.5 554 829.5 553.5
829.5 554 832 554 833 554.5 832.5 555 832 555.5 831.5 555.5 831 555 831 554.5
831 555 833.5 555 834.5 555.5 834 556 833.5 556.5 833 556.5 832.5 556 832.5 555.5
832.5 556 835 556 836 556.5 835.5 557 835 557.5 834.5 557.5 834 557 834 556.5
834 557 836.5 557 837.5 557.5 837 558 836.5 558.5 836 558.5 835.5 558 835.5 557.5
835.5 558 838 558 839 558.5 838.5 559 838 559.5 837.5 559.5 837 559 837 558.5
837 559 839.5 559 840.5 559.5 840 560 839.5 560.5 839 560.5 838.5 560 838.5 559.5
838.5 560 841 560 842 560.5 841.5 561 841 561.5 840.5 561.5 840 561 840 560.5
840 561 842.5 561 843.5 561.5 843 562 842.5 562.5 842 562.5 841.5 562 841.5 561.5
841.5 562 844 562 845 562.5 844.5 563 844 563.5 843.5 563.5 843 563 843 562.5
843 563 845.5 563 846.5 563.5 846 564 845.5 564.5 845 564.5 844.5 564 844.5 563.5
844.5 564 847 564 848 564.5 847.5 565 847 565.5 846.5 565.5 846 565 846 564.5
846 565 848.5 565 849.5 565.5 849 566 848.5 566.5 848 566.5 847.5 566 847.5 565.5
847.5 566 850 566 851 566.5 850.5 567 850 567.5 849.5 567.5 849 567 849 566.5
849 567 851.5 567 852.5 567.5 852 568 851.5 568.5 851 568.5 850.5 568 850.5 567.5
850.5 568 853 568 854 568.5 853.5 569 853 569.5 852.5 569.5 852 569 852 568.5
852 569 854.5 569 855.5 569.5 855 570 854.5 570.5 854 570.5 853.5 570 853.5 569.5
853.5 570 856 570 857 570.5 856.5 571 856 571.5 855.5 571.5 855 571 855 570.5
855 571 857.5 571 858.5 571.5 858 572 857.5 572.5 857 572.5 856.5 572 856.5 571.5
856.5 572 859 572 860 572.5 859.5 573 859 573.5 858.5 573.5 858 573 858 572.5
858 573 860.5 573 861.5 573.5 861 574 860.5 574.5 860 574.5 859.5 574 859.5 573.5
859.5 574 862 574 863 574.5 862.5 575 862 575.5 861.5 575.5 861 575 861 574.5
861 575 863.5 575 864.5 575.5 864 576 863.5 576.5 863 576.5 862.5 576 862.5 575.5
862.5 576 865 576 866 576.5 865.5 577 865 577.5 864.5 577.5 864 577 864 576.5
864 577 866.5 577 867.5 577.5 867 578 866.5 578.5 866 578.5 865.5 578 865.5 577.5
865.5 578 868 578 869 578.5 868.5 579 868 579.5 867.5 579.5 867 579 867 578.5
867 579 869.5 579 870.5 579.5 870 580 869.5 580.5 869 580.5 868.5 580 868.5 579.5
868.5 580 871 580 872 580.5 871.5 581 871 581.5 870.5 581.5 870 581 870 580.5
870 581 872.5 581 873.5 581.5 873 582 872.5 582.5 872 582.5 871.5 582 871.5 581.5
871.5 582 874 582 875 582.5 874.5 583 874 583.5 873.5 583.5 873 583 873 582.5
873 583 875.5 583 876.5 583.5 876 584 875.5 584.5 875 584.5 874.5 584 874.5 583.5
874.5 584 877 584 878 584.5 877.5 585 877 585.5 876.5 585.5 876 585 876 584.5
876 585 878.5 585 879.5 585.5 879 586 878.5 586.5 878 586.5 877.5 586 877.5 585.5
877.5 586 880 586 881 586.5 880.5 587 880 587.5 879.5 587.5 879 587 879 586.5
879 587 881.5 587 882.5 587.5 882 588 881.5 588.5 881 588.5 880.5 588 880.5 587.5
880.5 588 883 588 884 588.5 883.5 589 883 589.5 882.5 589.5 882 589 882 588.5
882 589 884.5 589 885.5 589.5 885 590 884.5 590.5 884 590.5 883.5 590 883.5 589.5
883.5 590 886 590 887 590.5 886.5 591 886 591.5 885.5 591.5 885 591 885 590.5
885 591 887.5 591 888.5 591.5 888 592 887.5 592.5 887 592.5 886.5 592 886.5 591.5
886.5 592 889 592 890 592.5 889.5 593 889 593.5 888.5 593.5 888 593 888 592.5
888 593 890.5 593 891.5 593.5 891 594 890.5 594.5 890 594.5 889.5 594 889.5 593.5
889.5 594 892 594 893 594.5 892.5 595 892 595.5 891.5 595.5 891 595 891 594.5
891 595 893.5 595 894.5 595.5 894 596 893.5 596.5 893 596.5 892.5 596 892.5 595.5
892.5 596 895 596 896 596.5 895.5 597 895 597.5 894.5 597.5 894 597 894 596.5
894 597 896.5 597 897.5 597.5 897 598 896.5 598.5 896 598.5 895.5 598 895.5 597.5
895.5 598 898 598 899 598.5 898.5 599 898 599.5 897.5 599.5 897 599 897 598.5
897 599 899.5 599 900.5 599.5 900 600 899.5 600.5 899 600.5 898.5 600 898.5 599.5
898.5 600 901 600 902 600.5 901.5 601 901 601.5 900.5 601.5 900 601 900 600.5
900 601 902.5 601 903.5 601.5 903 602 902.5 602.5 902 602.5 901.5 602 901.5 601.5
901.5 602 904 602 905 602.5 904.5 603 904 603.5 903.5 603.5 903 603 903 602.5
903 603 905.5 603 906.5 603.5 906 604 905.5 604.5 905 604.5 904.5 604 904.5 603.5
904.5 604 907 604 908 604.5 907.5 605 907 605.5 906.5 605.5 906 605 906 604.5
906 605 908.5 605 909.5 605.5 909 606 908.5 606.5 908 606.5 907.5 606 907.5 605.5
907.5 606 910 606 911 606.5 910.5 607 910 607.5 909.5 607.5 909 607 909 606.5
909 607 911.5 607 912.5 607.5 912 608 911.5 608.5 911 608.5 910.5 608 910.5 607.5
910.5 608 913 608 914 608.5 913.5 609 913 609.5 912.5 609.5 912 609 912 608.5
912 609 914.5 609 915.5 609.5 915 610 914.5 610.5 914 610.5 913.5 610 913.5 609.5
913.5 610 916 610 917 610.5 916.5 611 916 611.5 915.5 611.5 915 611 915 610.5
915 611 917.5 611 918.5 611.5 918 612 917.5 612.5 917 612.5 916.5 612 916.5 611.5
916.5 612 919 612 920 612.5 919.5 613 919 613.5 918.5 613.5 918 613 918 612.5
918 613 920.5 613 921.5 613.5 921 614 920.5 614.5 920 614.5 919.5 614 919.5 613.5
919.5 614 922 614 923 614.5 922.5 615 922 615.5 921.5 615.5 921 615 921 614.5
921 615 923.5 615 924.5 615.5 924 616 923.5 616.5 923 616.5 922.5 616 922.5 615.5
922.5 616 925 616 926 616.5 925.5 617 925 617.5 924.5 617.5 924 617 924 616.5
924 617 926.5 617 927.5 617.5 927 618 926.5 618.5 926 618.5 925.5 618 925.5 617.5
925.5 618 928 618 929 618.5 928.5 619 928 619.5 927.5 619.5 927 619 927 618.5
927 619 929.5 619 930.5 619.5 930 620 929.5 620.5 929 620.5 928.5 620 928.5 619.5
928.5 620 931 620 932 620.5 931.5 621 931 621.5 930.5 621.5 930 621 930 620.5
930 621 932.5 621 933.5 621.5 933 622 932.5 622.5 932 622.5 931.5 622 931.5 621.5
931.5 622 934 622 935 622.5 934.5 623 934 623.5 933.5 623.5 933 623 933 622.5
933 623 935.5 623 936.5 623.5 936 624 935.5 624.5 935 624.5 934.5 624 934.5 623.5
934.5 624 937 624 938 624.5 937.5 625 937 625.5 936.5 625.5 936 625 936 624.5
936 625 938.5 625 939.5 625.5 939 626 938.5 626.5 938 626.5 937.5 626 937.5 625.5
937.5 626 940 626 941 626.5 940.5 627 940 627.5 939.5 627.5 939 627 939 626.5
939 627 941.5 627 942.5 627.5 942 628 941.5 628.5 941 628.5 940.5 628 940.5 627.5
940.5 628 943 628 944 628.5 943.5 629 943 629.5 942.5 629.5 942 629 942 628.5
942 629 944.5 629 945.5 629.5 945 630 944.5 630.5 944 630.5 943.5 630 943.5 629.5
943.5 630 946 630 947 630.5 946.5 631 946 631.5 945.5 631.5 945 631 945 630.5
945 631 947.5 631 948.5 631.5 948 632 947.5 632.5 947 632.5 946.5 632 946.5 631.5
946.5 632 949 632 950 632.5 949.5 633 949 633.5 948.5 633.5 948 633 948 632.5
948 633 950.5 633 951.5 633.5 951 634 950.5 634.5 950 634.5 949.5 634 949.5 633.5
949.5 634 952 634 953 634.5 952.5 635 952 635.5 951.5 635.5 951 635 951 634.5
951 635 953.5 635 954.5 635.5 954 636 953.5 636.5 953 636.5 952.5 636 952.5 635.5
952.5 636 955 636 956 636.5 955.5 637 955 637.5 954.5 637.5 954 637 954 636.5
954 637 956.5 637 957.5 637.5 957 638 956.5 638.5 956 638.5 955.5 638 955.5 637.5
955.5 638 958 638 959 638.5 958.5 639 958 639.5 957.5 639.5 957 639 957 638.5
957 639 959.5 639 960.5 639.5 960 640 959.5 640.5 959 640.5 958.5 640 958.5 639.5
958.5 640 961 640 962 640.5 961.5 641 961 641.5 960.5 641.5 960 641 960 640.5
960 641 962.5 641 963.5 641.5 963 642 962.5 642.5 962 642.5 961.5 642 961.5 641.5
961.5 642 964 642 965 642.5 964.5 643 964 643.5 963.5 643.5 963 643 963 642.5
963 643 965.5 643 966.5 643.5 966 644 965.5 644.5 965 644.5 964.5 644 964.5 643.5
964.5 644 967 644 968 644.5 967.5 645 967 645.5 966.5 645.5 966 645 966 644.5
966 645 968.5 645 969.5 645.5 969 646 968.5 646.5 968 646.5 967.5 646 967.5 645.5
967.5 646 970 646 971 646.5 970.5 647 970 647.5 969.5 647.5 969 647 969 646.5
969 647 971.5 647 972.5 647.5 972 648 971.5 648.5 971 648.5 970.5 648 970.5 647.5
970.5 648 973 648 974 648.5 973.5 649 973 649.5 972.5 649.5 972 649 972 648.5
972 649 974.5 649 975.5 649.5 975 650 974.5 650.5 974 650.5 973.5 650 973.5 649.5
973.5 650 976 650 977 650.5 976.5 651 976 651.5 975.5 651.5 975 651 975 650.5
975 651 977.5 651 978.5 651.5 978 652 977.5 652.5 977 652.5 976.5 652 976.5 651.5
976.5 652 979 652 980 652.5 979.5 653 979 653.5 978.5 653.5 978 653 978 652.5
978 653 980.5 653 981.5 653.5 981 654 980.5 654.5 980 654.5 979.5 654 979.5 653.5
979.5 654 982 654 983 654.5 982.5 655 982 655.5 981.5 655.5 981 655 981 654.5
981 655 983.5 655 984.5 655.5 984 656 983.5 656.5 983 656.5 982.5 656 982.5 655.5
982.5 656 985 656 986 656.5 985.5 657 985 657.5 984.5 657.5 984 657 984 656.5
984 657 986.5 657 987.5 657.5 987 658 986.5 658.5 986 658.5 985.5 658 985.5 657.5
985.5 658 988 658 989 658.5 988.5 659 988 659.5 987.5 659.5 987 659 987 658.5
987 659 989.5 659 990.5 659.5 990 660 989.5 660.5 989 660.5 988.5 660 988.5 659.5
988.5 660 991 660 992 660.5 991.5 661 991 661.5 990.5 661.5 990 661 990 660.5
990 661 992.5 661 993.5 661.5 993 662 992.5 662.5 992 662.5 991.5 662 991.5 661.5
991.5 662 994 662 995 662.5 994.5 663 994 663.5 993.5 663.5 993 663 993 662.5
993 663 995.5 663 996.5 663.5 996 664 995.5 664.5 995 664.5 994.5 664 994.5 663.5
994.5 664 997 664 998 664.5 997.5 665 997 665.5 996.5 665.5 996 665 996 664.5
996 665 998.5 665 999.5 665.5 999 666 998.5 666.5 998 666.5 997.5 666 997.5 665.5
997.5 666 1000 666 1001 666.5 1000.5 667 1000 667.5 999.5 667.5 999 667 999 666.5
999 667 1001.5 667 1002.5 667.5 1002 668 1001.5 668.5 1001 668.5 1000.5 668 1000.5 667.5
1000.5 668 1003 668 1004 668.5 1003.5 669 1003 669.5 1002.5 669.5 1002 669 1002 668.5
1002 669 1004.5 669 1005.5 669.5 1005 670 1004.5 670.5 1004 670.5 1003.5 670 1003.5 669.5
1003.5 670 1006 670 1007 670.5 1006.5 671 1006 671.5 1005.5 671.5 1005 671 1005 670.5
1005 671 1007.5 671 1008.5 671.5 1008 672 1007.5 672.5 1007 672.5 1006.5 672 1006.5 671.5
1006.5 672 1009 672 1010 672.5 1009.5 673 1009 673.5 1008.5 673.5 1008 673 1008 672.5
1008 673 1010.5 673 1011.5 673.5 1011 674 1010.5 674.5 1010 674.5 1009.5 674 1009.5 673.5
1009.5 674 1012 674 1013 674.5 1012.5 675 1012 675.5 1011.5 675.5 1011 675 1011 674.5
1011 675 1013.5 675 1014.5 675.5 1014 676 1013.5 676.5 1013 676.5 1012.5 676 1012.5 675.5
1012.5 676 1015 676 1016 676.5 1015.5 677 1015 677.5 1014.5 677.5 1014 677 1014 676.5
1014 677 1016.5 677 1017.5 677.5 1017 678 1016.5 678.5 1016 678.5 1015.5 678 1015.5 677.5
1015.5 678 1018 678 1019 678.5 1018.5 679 1018 679.5 1017.5 679.5 1017 679 1017 678.5
1017 679 1019.5 679 1020.5 679.5 1020 680 1019.5 680.5 1019 680.5 1018.5 680 1018.5 679.5
1018.5 680 1021 680 1022 680.5 1021.5 681 1021 681.5 1020.5 681.5 1020 681 1020 680.5
1020 681 1022.5 681 1023.5 681.5 1023 682 1022.5 682.5 1022 682.5 1021.5 682 1021.5 681.5
1021.5 682 1024 682 1025 682.5 1024.5 683 1024 683.5 1023.5 683.5 1023 683 1023 682.5
1023 683 1025.5 683 1026.5 683.5 1026 684 1025.5 684.5 1025 684.5 1024.5 684 1024.5 683.5
1024.5 684 1027 684 1028 684.5 1027.5 685 1027 685.5 1026.5 685.5 1026 685 1026 684.5
1026 685 1028.5 685 1029.5 685.5 1029 686 1028.5 686.5 1028 686.5 1027.5 686 1027.5 685.5
1027.5 686 1030 686 1031 686.5 1030.5 687 1030 687.5 1029.5 687.5 1029 687 1029 686.5
1029 687 1031.5 687 1032.5 687.5 1032 688 1031.5 688.5 1031 688.5 1030.5 688 1030.5 687.5
1030.5 688 1033 688 1034 688.5 1033.5 689 1033 689.5 1032.5 689.5 1032 689 1032 688.5
1032 689 1034.5 689 1035.5 689.5 1035 690 1034.5 690.5 1034 690.5 1033.5 690 1033.5 689.5
1033.5 690 1036 690 1037 690.5 1036.5 691 1036 691.5 1035.5 691.5 1035 691 1035 690.5
1035 691 1037.5 691 1038.5 691.5 1038 692 1037.5 692.5 1037 692.5 1036.5 692 1036.5 691.5
1036.5 692 1039 692 1040 692.5 1039.5 693 1039 693.5 1038.5 693.5 1038 693 1038 692.5
1038 693 1040.5 693 1041.5 693.5 1041 694 1040.5 694.5 1040 694.5 1039.5 694 1039.5 693.5
1039.5 694 1042 694 1043 694.5 1042.5 695 1042 695.5 1041.5 695.5 1041 695 1041 694.5
1041 695 1043.5 695 1044.5 695.5 1044 696 1043.5 696.5 1043 696.5 1042.5 696 1042.5 695.5
1042.5 696 1045 696 1046 696.5 1045.5 697 1045 697.5 1044.5 697.5 1044 697 1044 696.5
1044 697 1046.5 697 1047.5 697.5 1047 698 1046.5 698.5 1046 698.5 1045.5 698 1045.5 697.5
1045.5 698 1048 698 1049 698.5 1048.5 699 1048 699.5 1047.5 699.5 1047 699 1047 698.5
1047 699 1049.5 699 1050.5 699.5 1050 700 1049.5 700.5 1049 700.5 1048.5 700 1048.5 699.5
1048.5 700 1051 700 1052 700.5 1051.5 701 1051 701.5 1050.5 701.5 1050 701 1050 700.5
1050 701 1052.5 701 1053.5 701.5 1053 702 1052.5 702.5 1052 702.5 1051.5 702 1051.5 701.5
1051.5 702 1054 702 1055 702.5 1054.5 703 1054 703.5 1053.5 703.5 1053 703 1053 702.5
1053 703 1055.5 703 1056.5 703.5 1056 704 1055.5 704.5 1055 704.5 1054.5 704 1054.5 703.5
1054.5 704 1057 704 1058 704.5 1057.5 705 1057 705.5 1056.5 705.5 1056 705 1056 704.5
1056 705 1058.5 705 1059.5 705.5 1059 706 1058.5 706.5 1058 706.5 1057.5 706 1057.5 705.5
1057.5 706 1060 706 1061 706.5 1060.5 707 1060 707.5 1059.5 707.5 1059 707 1059 706.5
1059 707 1061.5 707 1062.5 707.5 1062 708 1061.5 708.5 1061 708.5 1060.5 708 1060.5 707.5
1060.5 708 1063 708 1064 708.5 1063.5 709 1063 709.5 1062.5 709.5 1062 709 1062 708.5
1062 709 1064.5 709 1065.5 709.5 1065 710 1064.5 710.5 1064 710.5 1063.5 710 1063.5 709.5
1063.5 710 1066 710 1067 710.5 1066.5 711 1066 711.5 1065.5 711.5 1065 711 1065 710.5
1065 711 1067.5 711 1068.5 711.5 1068 712 1067.5 712.5 1067 712.5 1066.5 712 1066.5 711.5
1066.5 712 1069 712 1070 712.5 1069.5 713 1069 713.5 1068.5 713.5 1068 713 1068 712.5
1068 713 1070.5 713 1071.5 713.5 1071 714 1070.5 714.5 1070 714.5 1069.5 714 1069.5 713.5
1069.5 714 1072 714 1073 714.5 1072.5 715 1072 715.5 1071.5 715.5 1071 715 1071 714.5
1071 715 1073.5 715 1074.5 715.5 1074 716 1073.5 716.5 1073 716.5 1072.5 716 1072.5 715.5
1072.5 716 1075 716 1076 716.5 1075.5 717 1075 717.5 1074.5 717.5 1074 717 1074 716.5
1074 717 1076.5 717 1077.5 717.5 1077 718 1076.5 718.5 1076 718.5 1075.5 718 1075.5 717.5
1075.5 718 1078 718 1079 718.5 1078.5 719 1078 719.5 1077.5 719.5 1077 719 1077 718.5
1077 719 1079.5 719 1080.5 719.5 1080 720 1079.5 720.5 1079 720.5 1078.5 720 1078.5 719.5
1078.5 720 1081 720 1082 720.5 1081.5 721 1081 721.5 1080.5 721.5 1080 721 1080 720.5
1080 721 1082.5 721 1083.5 721.5 1083 722 1082.5 722.5 1082 722.5 1081.5 722 1081.5 721.5
1081.5 722 1084 722 1085 722.5 1084.5 723 1084 723.5 1083.5 723.5 1083 723 1083 722.5
1083 723 1085.5 723 1086.5 723.5 1086 724 1085.5 724.5 1085 724.5 1084.5 724 1084.5 723.5
1084.5 724 1087 724 1088 724.5 1087.5 725 1087 725.5 1086.5 725.5 1086 725 1086 724.5
1086 725 1088.5 725 1089.5 725.5 1089 726 1088.5 726.5 1088 726.5 1087.5 726 1087.5 725.5
1087.5 726 1090 726 1091 726.5 1090.5 727 1090 727.5 1089.5 727.5 1089 727 1089 726.5
1089 727 1091.5 727 1092.5 727.5 1092 728 1091.5 728.5 1091 728.5 1090.5 728 1090.5 727.5
1090.5 728 1093 728 1094 728.5 1093.5 729 1093 729.5 1092.5 729.5 1092 729 1092 728.5
1092 729 1094.5 729 1095.5 729.5 1095 730 1094.5 730.5 1094 730.5 1093.5 730 1093.5 729.5
1093.5 730 1096 730 1097 730.5 1096.5 731 1096 731.5 1095.5 731.5 1095 731 1095 730.5
1095 731 1097.5 731 1098.5 731.5 1098 732 1097.5 732.5 1097 732.5 1096.5 732 1096.5 731.5
1096.5 732 1099 732 1100 732.5 1099.5 733 1099 733.5 1098.5 733.5 1098 733 1098 732.5
1098 733 1100.5 733 1101.5 733.5 1101 734 1100.5 734.5 1100 734.5 1099.5 734 1099.5 733.5
1099.5 734 1102 734 1103 734.5 1102.5 735 1102 735.5 1101.5 735.5 1101 735 1101 734.5
1101 735 1103.5 735 1104.5 735.5 1104 736 1103.5 736.5 1103 736.5 1102.5 736 1102.5 735.5
1102.5 736 1105 736 1106 736.5 1105.5 737 1105 737.5 1104.5 737.5 1104 737 1104 736.5
1104 737 1106.5 737 1107.5 737.5 1107 738 1106.5 738.5 1106 738.5 1105.5 738 1105.5 737.5
1105.5 738 1108 738 1109 738.5 1108.5 739 1108 739.5 1107.5 739.5 1107 739 1107 738.5
1107 739 1109.5 739 1110.5 739.5 1110 740 1109.5 740.5 1109 740.5 1108.5 740 1108.5 739.5
1108.5 740 1111 740 1112 740.5 1111.5 741 1111 741.5 1110.5 741.5 1110 741 1110 740.5
1110 741 1112.5 741 1113.5 741.5 1113 742 1112.5 742.5 1112 742.5 1111.5 742 1111.5 741.5
1111.5 742 1114 742 1115 742.5 1114.5 743 1114 743.5 1113.5 743.5 1113 743 1113 742.5
1113 743 1115.5 743 1116.5 743.5 1116 744 1115.5 744.5 1115 744.5 1114.5 744 1114.5 743.5
1114.5 744 1117 744 1118 744.5 1117.5 745 1117 745.5 1116.5 745.5 1116 745 1116 744.5
1116 745 1118.5 745 1119.5 745.5 1119 746 1118.5 746.5 1118 746.5 1117.5 746 1117.5 745.5
1117.5 746 1120 746 1121 746.5 1120.5 747 1120 747.5 1119.5 747.5 1119 747 1119 746.5
1119 747 1121.5 747 1122.5 747.5 1122 748 1121.5 748.5 1121 748.5 1120.5 748 1120.5 747.5
1120.5 748 1123 748 1124 748.5 1123.5 749 1123 749.5 1122.5 749.5 1122 749 1122 748.5
1122 749 1124.5 749 1125.5 749.5 1125 750 1124.5 750.5 1124 750.5 1123.5 750 1123.5 749.5
1123.5 750 1126 750 1127 750.5 1126.5 751 1126 751.5 1125.5 751.5 1125 751 1125 750.5
1125 751 1127.5 751 1128.5 751.5 1128 752 1127.5 752.5 1127 752.5 1126.5 752 1126.5 751.5
1126.5 752 1129 752 1130 752.5 1129.5 753 1129 753.5 1128.5 753.5 1128 753 1128 752.5
1128 753 1130.5 753 1131.5 753.5 1131 754 1130.5 754.5 1130 754.5 1129.5 754 1129.5 753.5
1129.5 754 1132 754 1133 754.5 1132.5 755 1132 755.5 1131.5 755.5 1131 755 1131 754.5
1131 755 1133.5 755 1134.5 755.5 1134 756 1133.5 756.5 1133 756.5 1132.5 756 1132.5 755.5
1132.5 756 1135 756 1136 756.5 1135.5 757 1135 757.5 1134.5 757.5 1134 757 1134 756.5
1134 757 1136.5 757 1137.5 757.5 1137 758 1136.5 758.5 1136 758.5 1135.5 758 1135.5 757.5
1135.5 758 1138 758 1139 758.5 1138.5 759 1138 759.5 1137.5 759.5 1137 759 1137 758.5
1137 759 1139.5 759 1140.5 759.5 1140 760 1139.5 760.5 1139 760.5 1138.5 760 1138.5 759.5
1138.5 760 1141 760 1142 760.5 1141.5 761 1141 761.5 1140.5 761.5 1140 761 1140 760.5
1140 761 1142.5 761 1143.5 761.5 1143 762 1142.5 762.5 1142 762.5 1141.5 762 1141.5 761.5
1141.5 762 1144 762 1145 762.5 1144.5 763 1144 763.5 1143.5 763.5 1143 763 1143 762.5
1143 763 1145.5 763 1146.5 763.5 1146 764 1145.5 764.5 1145 764.5 1144.5 764 1144.5 763.5
1144.5 764 1147 764 1148 764.5 1147.5 765 1147 765.5 1146.5 765.5 1146 765 1146 764.5
1146 765 1148.5 765 1149.5 765.5 1149 766 1148.5 766.5 1148 766.5 1147.5 766 1147.5 765.5
1147.5 766 1150 766 1151 766.5 1150.5 767 1150 767.5 1149.5 767.5 1149 767 1149 766.5
1149 767 1151.5 767 1152.5 767.5 1152 768 1151.5 768.5 1151 768.5 1150.5 768 1150.5 767.5
1150.5 768 1153 768 1154 768.5 1153.5 769 1153 769.5 1152.5 769.5 1152 769 1152 768.5
1152 769 1154.5 769 1155.5 769.5 1155 770 1154.5 770.5 1154 770.5 1153.5 770 1153.5 769.5
1153.5 770 1156 770 1157 770.5 1156.5 771 1156 771.5 1155.5 771.5 1155 771 1155 770.5
1155 771 1157.5 771 1158.5 771.5 1158 772 1157.5 772.5 1157 772.5 1156.5 772 1156.5 771.5
1156.5 772 1159 772 1160 772.5 1159.5 773 1159 773.5 1158.5 773.5 1158 773 1158 772.5
1158 773 1160.5 773 1161.5 773.5 1161 774 1160.5 774.5 1160 774.5 1159.5 774 1159.5 773.5
1159.5 774 1162 774 1163 774.5 1162.5 775 1162 775.5 1161.5 775.5 1161 775 1161 774.5
1161 775 1163.5 775 1164.5 775.5 1164 776 1163.5 776.5 1163 776.5 1162.5 776 1162.5 775.5
1162.5 776 1165 776 1166 776.5 1165.5 777 1165 777.5 1164.5 777.5 1164 777 1164 776.5
1162 777 1166.5 777 1167.5 777.5 1167 778 1166.5 778.5 1166 778.5 1165.5 778 1165.5 777.5
1163.5 778 1168 778 1169 778.5 1168.5 779 1168 779.5 1167.5 779.5 1167 779 1167 778.5
1165 779 1169.5 779 1170.5 779.5 1170 780 1169.5 780.5 1169 780.5 1168.5 780 1168.5 779.5
1166.5 780 1171 780 1172 780.5 1171.5 781 1171 781.5 1170.5 781.5 1170 781 1170 780.5
1168 781 1172.5 781 1173.5 781.5 1173 782 1172.5 782.5 1172 782.5 1171.5 782 1171.5 781.5
1169.5 782 1174 782 1175 782.5 1174.5 783 1174 783.5 1173.5 783.5 1173 783 1173 782.5
1171 783 1175.5 783 1176.5 783.5 1176 784 1175.5 784.5 1175 784.5 1174.5 784 1174.5 783.5
1172.5 784 1177 784 1178 784.5 1177.5 785 1177 785.5 1176.5 785.5 1176 785 1176 784.5
1174 785 1178.5 785 1179.5 785.5 1179 786 1178.5 786.5 1178 786.5 1177.5 786 1177.5 785.5
1175.5 786 1180 786 1181 786.5 1180.5 787 1180 787.5 1179.5 787.5 1179 787 1179 786.5
1177 787 1181.5 787 1182.5 787.5 1182 788 1181.5 788.5 1181 788.5 1180.5 788 1180.5 787.5
1178.5 788 1183 788 1184 788.5 1183.5 789 1183 789.5 1182.5 789.5 1182 789 1182 788.5
1180 789 1184.5 789 1185.5 789.5 1185 790 1184.5 790.5 1184 790.5 1183.5 790 1183.5 789.5
1181.5 790 1186 790 1187 790.5 1186.5 791 1186 791.5 1185.5 791.5 1185 791 1185 790.5
1183 791 1187.5 791 1188.5 791.5 1188 792 1187.5 792.5 1187 792.5 1186.5 792 1186.5 791.5
1184.5 792 1189 792 1190 792.5 1189.5 793 1189 793.5 1188.5 793.5 1188 793 1188 792.5
1186 793 1190.5 793 1191.5 793.5 1191 794 1190.5 794.5 1190 794.5 1189.5 794 1189.5 793.5
1187.5 794 1192 794 1193 794.5 1192.5 795 1192 795.5 1191.5 795.5 1191 795 1191 794.5
1189 795 1193.5 795 1194.5 795.5 1194 796 1193.5 796.5 1193 796.5 1192.5 796 1192.5 795.5
1190.5 796 1195 796 1196 796.5 1195.5 797 1195 797.5 1194.5 797.5 1194 797 1194 796.5
1192 797 1196.5 797 1197.5 797.5 1197 798 1196.5 798.5 1196 798.5 1195.5 798 1195.5 797.5
1193.5 798 1198 798 1199 798.5 1198.5 799 1198 799.5 1197.5 799.5 1197 799 1197 798.5
1195 799 1199.5 799 1200.5 799.5 1200 800 1199.5 800.5 1199 800.5 1198.5 800 1198.5 799.5
1196.5 800 1201 800 1202 800.5 1201.5 801 1201 801.5 1200.5 801.5 1200 801 1200 800.5
1198 801 1202.5 801 1203.5 801.5 1203 802 1202.5 802.5 1202 802.5 1201.5 802 1201.5 801.5
1199.5 802 1204 802 1205 802.5 1204.5 803 1204 803.5 1203.5 803.5 1203 803 1203 802.5
1201 803 1205.5 803 1206.5 803.5 1206 804 1205.5 804.5 1205 804.5 1204.5 804 1204.5 803.5
1202.5 804 1207 804 1208 804.5 1207.5 805 1207 805.5 1206.5 805.5 1206 805 1206 804.5
1204 805 1208.5 805 1209.5 805.5 1209 806 1208.5 806.5 1208 806.5 1207.5 806 1207.5 805.5
1205.5 806 1210 806 1211 806.5 1210.5 807 1210 807.5 1209.5 807.5 1209 807 1209 806.5
1207 807 1211.5 807 1212.5 807.5 1212 808 1211.5 808.5 1211 808.5 1210.5 808 1210.5 807.5
1208.5 808 1213 808 1214 808.5 1213.5 809 1213 809.5 1212.5 809.5 1212 809 1212 808.5
1210 809 1214.5 809 1215.5 809.5 1215 810 1214.5 810.5 1214 810.5 1213.5 810 1213.5 809.5
1211.5 810 1216 810 1217 810.5 1216.5 811 1216 811.5 1215.5 811.5 1215 811 1215 810.5
1213 811 1217.5 811 1218.5 811.5 1218 812 1217.5 812.5 1217 812.5 1216.5 812 1216.5 811.5
1214.5 812 1219 812 1220 812.5 1219.5 813 1219 813.5 1218.5 813.5 1218 813 1218 812.5
1216 813 1220.5 813 1221.5 813.5 1221 814 1220.5 814.5 1220 814.5 1219.5 814 1219.5 813.5
1217.5 814 1222 814 1223 814.5 1222.5 815 1222 815.5 1221.5 815.5 1221 815 1221 814.5
1219 815 1223.5 815 1224.5 815.5 1224 816 1223.5 816.5 1223 816.5 1222.5 816 1222.5 815.5
1220.5 816 1225 816 1226 816.5 1225.5 817 1225 817.5 1224.5 817.5 1224 817 1224 816.5
1222 817 1226.5 817 1227.5 817.5 1227 818 1226.5 818.5 1226 818.5 1225.5 818 1225.5 817.5
1223.5 818 1228 818 1229 818.5 1228.5 819 1228 819.5 1227.5 819.5 1227 819 1227 818.5
1225 819 1229.5 819 1230.5 819.5 1230 820 1229.5 820.5 1229 820.5 1228.5 820 1228.5 819.5
1226.5 820 1231 820 1232 820.5 1231.5 821 1231 821.5 1230.5 821.5 1230 821 1230 820.5
1228 821 1232.5 821 1233.5 821.5 1233 822 1232.5 822.5 1232 822.5 1231.5 822 1231.5 821.5
1229.5 822 1234 822 1235 822.5 1234.5 823 1234 823.5 1233.5 823.5 1233 823 1233 822.5
1231 823 1235.5 823 1236.5 823.5 1236 824 1235.5 824.5 1235 824.5 1234.5 824 1234.5 823.5
1232.5 824 1237 824 1238 824.5 1237.5 825 1237 825.5 1236.5 825.5 1236 825 1236 824.5
1234 825 1238.5 825 1239.5 825.5 1239 826 1238.5 826.5 1238 826.5 1237.5 826 1237.5 825.5
1235.5 826 1240 826 1241 826.5 1240.5 827 1240 827.5 1239.5 827.5 1239 827 1239 826.5
1237 827 1241.5 827 1242.5 827.5 1242 828 1241.5 828.5 1241 828.5 1240.5 828 1240.5 827.5
1238.5 828 1243 828 1244 828.5 1243.5 829 1243 829.5 1242.5 829.5 1242 829 1242 828.5
1240 829 1244.5 829 1245.5 829.5 1245 830 1244.5 830.5 1244 830.5 1243.5 830 1243.5 829.5
1241.5 830 1246 830 1247 830.5 1246.5 831 1246 831.5 1245.5 831.5 1245 831 1245 830.5
1243 831 1247.5 831 1248.5 831.5 1248 832 1247.5 832.5 1247 832.5 1246.5 832 1246.5 831.5
1244.5 832 1249 832 1250 832.5 1249.5 833 1249 833.5 1248.5 833.5 1248 833 1248 832.5
1246 833 1250.5 833 1251.5 833.5 1251 834 1250.5 834.5 1250 834.5 1249.5 834 1249.5 833.5
1247.5 834 1252 834 1253 834.5 1252.5 835 1252 835.5 1251.5 835.5 1251 835 1251 834.5
1249 835 1253.5 835 1254.5 835.5 1254 836 1253.5 836.5 1253 836.5 1252.5 836 1252.5 835.5
1250.5 836 1255 836 1256 836.5 1255.5 837 1255 837.5 1254.5 837.5 1254 837 1254 836.5
1252 837 1256.5 837 1257.5 837.5 1257 838 1256.5 838.5 1256 838.5 1255.5 838 1255.5 837.5
1253.5 838 1258 838 1259 838.5 1258.5 839 1258 839.5 1257.5 839.5 1257 839 1257 838.5
1255 839 1259.5 839 1260.5 839.5 1260 840 1259.5 840.5 1259 840.5 1258.5 840 1258.5 839.5
1256.5 840 1261 840 1262 840.5 1261.5 841 1261 841.5 1260.5 841.5 1260 841 1260 840.5
1258 841 1262.5 841 1263.5 841.5 1263 842 1262.5 842.5 1262 842.5 1261.5 842 1261.5 841.5
1259.5 842 1264 842 1265 842.5 1264.5 843 1264 843.5 1263.5 843.5 1263 843 1263 842.5
1261 843 1265.5 843 1266.5 843.5 1266 844 1265.5 844.5 1265 844.5 1264.5 844 1264.5 843.5
1262.5 844 1267 844 1268 844.5 1267.5 845 1267 845.5 1266.5 845.5 1266 845 1266 844.5
1264 845 1268.5 845 1269.5 845.5 1269 846 1268.5 846.5 1268 846.5 1267.5 846 1267.5 845.5
1265.5 846 1270 846 1271 846.5 1270.5 847 1270 847.5 1269.5 847.5 1269 847 1269 846.5
1267 847 1271.5 847 1272.5 847.5 1272 848 1271.5 848.5 1271 848.5 1270.5 848 1270.5 847.5
1268.5 848 1273 848 1274 848.5 1273.5 849 1273 849.5 1272.5 849.5 1272 849 1272 848.5
1270 849 1274.5 849 1275.5 849.5 1275 850 1274.5 850.5 1274 850.5 1273.5 850 1273.5 849.5
1271.5 850 1276 850 1277 850.5 1276.5 851 1276 851.5 1275.5 851.5 1275 851 1275 850.5
1273 851 1277.5 851 1278.5 851.5 1278 852 1277.5 852.5 1277 852.5 1276.5 852 1276.5 851.5
1274.5 852 1279 852 1280 852.5 1279.5 853 1279 853.5 1278.5 853.5 1278 853 1278 852.5
1276 853 1280.5 853 1281.5 853.5 1281 854 1280.5 854.5 1280 854.5 1279.5 854 1279.5 853.5
1277.5 854 1282 854 1283 854.5 1282.5 855 1282 855.5 1281.5 855.5 1281 855 1281 854.5
1279 855 1283.5 855 1284.5 855.5 1284 856 1283.5 856.5 1283 856.5 1282.5 856 1282.5 855.5
1280.5 856 1285 856 1286 856.5 1285.5 857 1285 857.5 1284.5 857.5 1284 857 1284 856.5
1282 857 1286.5 857 1287.5 857.5 1287 858 1286.5 858.5 1286 858.5 1285.5 858 1285.5 857.5
1283.5 858 1288 858 1289 858.5 1288.5 859 1288 859.5 1287.5 859.5 1287 859 1287 858.5
1285 859 1289.5 859 1290.5 859.5 1290 860 1289.5 860.5 1289 860.5 1288.5 860 1288.5 859.5
1286.5 860 1291 860 1292 860.5 1291.5 861 1291 861.5 1290.5 861.5 1290 861 1290 860.5
1288 861 1292.5 861 1293.5 861.5 1293 862 1292.5 862.5 1292 862.5 1291.5 862 1291.5 861.5
1289.5 862 1294 862 1295 862.5 1294.5 863 1294 863.5 1293.5 863.5 1293 863 1293 862.5
1291 863 1295.5 863 1296.5 863.5 1296 864 1295.5 864.5 1295 864.5 1294.5 864 1294.5 863.5
1292.5 864 1297 864 1298 864.5 1297.5 865 1297 865.5 1296.5 865.5 1296 865 1296 864.5
1294 865 1298.5 865 1299.5 865.5 1299 866 1298.5 866.5 1298 866.5 1297.5 866 1297.5 865.5
1295.5 866 1300 866 1301 866.5 1300.5 867 1300 867.5 1299.5 867.5 1299 867 1299 866.5
1297 867 1301.5 867 1302.5 867.5 1302 868 1301.5 868.5 1301 868.5 1300.5 868 1300.5 867.5
1298.5 868 1303 868 1304 868.5 1303.5 869 1303 869.5 1302.5 869.5 1302 869 1302 868.5
1300 869 1304.5 869 1305.5 869.5 1305 870 1304.5 870.5 1304 870.5 1303.5 870 1303.5 869.5
1301.5 870 1306 870 1307 870.5 1306.5 871 1306 871.5 1305.5 871.5 1305 871 1305 870.5
1303 871 1307.5 871 1308.5 871.5 1308 872 1307.5 872.5 1307 872.5 1306.5 872 1306.5 871.5
1304.5 872 1309 872 1310 872.5 1309.5 873 1309 873.5 1308.5 873.5 1308 873 1308 872.5
1306 873 1310.5 873 1311.5 873.5 1311 874 1310.5 874.5 1310 874.5 1309.5 874 1309.5 873.5
1307.5 874 1312 874 1313 874.5 1312.5 875 1312 875.5 1311.5 875.5 1311 875 1311 874.5
1309 875 1313.5 875 1314.5 875.5 1314 876 1313.5 876.5 1313 876.5 1312.5 876 1312.5 875.5
1310.5 876 1315 876 1316 876.5 1315.5 877 1315 877.5 1314.5 877.5 1314 877 1314 876.5
1312 877 1316.5 877 1317.5 877.5 1317 878 1316.5 878.5 1316 878.5 1315.5 878 1315.5 877.5
1313.5 878 1318 878 1319 878.5 1318.5 879 1318 879.5 1317.5 879.5 1317 879 1317 878.5
1315 879 1319.5 879 1320.5 879.5 1320 880 1319.5 880.5 1319 880.5 1318.5 880 1318.5 879.5
1316.5 880 1321 880 1322 880.5 1321.5 881 1321 881.5 1320.5 881.5 1320 881 1320 880.5
1318 881 1322.5 881 1323.5 881.5 1323 882 1322.5 882.5 1322 882.5 1321.5 882 1321.5 881.5
1319.5 882 1324 882 1325 882.5 1324.5 883 1324 883.5 1323.5 883.5 1323 883 1323 882.5
1321 883 1325.5 883 1326.5 883.5 1326 884 1325.5 884.5 1325 884.5 1324.5 884 1324.5 883.5
1322.5 884 1327 884 1328 884.5 1327.5 885 1327 885.5 1326.5 885.5 1326 885 1326 884.5
1324 885 1328.5 885 1329.5 885.5 1329 886 1328.5 886.5 1328 886.5 1327.5 886 1327.5 885.5
1325.5 886 1330 886 1331 886.5 1330.5 887 1330 887.5 1329.5 887.5 1329 887 1329 886.5
1327 887 1331.5 887 1332.5 887.5 1332 888 1331.5 888.5 1331 888.5 1330.5 888 1330.5 887.5
1328.5 888 1333 888 1334 888.5 1333.5 889 1333 889.5 1332.5 889.5 1332 889 1332 888.5
1330 889 1334.5 889 1335.5 889.5 1335 890 1334.5 890.5 1334 890.5 1333.5 890 1333.5 889.5
1331.5 890 1336 890 1337 890.5 1336.5 891 1336 891.5 1335.5 891.5 1335 891 1335 890.5
1333 891 1337.5 891 1338.5 891.5 1338 892 1337.5 892.5 1337 892.5 1336.5 892 1336.5 891.5
1334.5 892 1339 892 1340 892.5 1339.5 893 1339 893.5 1338.5 893.5 1338 893 1338 892.5
1336 893 1340.5 893 1341.5 893.5 1341 894 1340.5 894.5 1340 894.5 1339.5 894 1339.5 893.5
1337.5 894 1342 894 1343 894.5 1342.5 895 1342 895.5 1341.5 895.5 1341 895 1341 894.5
1339 895 1343.5 895 1344.5 895.5 1344 896 1343.5 896.5 1343 896.5 1342.5 896 1342.5 895.5
1340.5 896 1345 896 1346 896.5 1345.5 897 1345 897.5 1344.5 897.5 1344 897 1344 896.5
1342 897 1346.5 897 1347.5 897.5 1347 898 1346.5 898.5 1346 898.5 1345.5 898 1345.5 897.5
1343.5 898 1348 898 1349 898.5 1348.5 899 1348 899.5 1347.5 899.5 1347 899 1347 898.5
1345 899 1349.5 899 1350.5 899.5 1350 900 1349.5 900.5 1349 900.5 1348.5 900 1348.5 899.5
1346.5 900 1351 900 1352 900.5 1351.5 901 1351 901.5 1350.5 901.5 1350 901 1350 900.5
1348 901 1352.5 901 1353.5 901.5 1353 902 1352.5 902.5 1352 902.5 1351.5 902 1351.5 901.5
1349.5 902 1354 902 1355 902.5 1354.5 903 1354 903.5 1353.5 903.5 1353 903 1353 902.5
1351 903 1355.5 903 1356.5 903.5 1356 904 1355.5 904.5 1355 904.5 1354.5 904 1354.5 903.5
1352.5 904 1357 904 1358 904.5 1357.5 905 1357 905.5 1356.5 905.5 1356 905 1356 904.5
1354 905 1358.5 905 1359.5 905.5 1359 906 1358.5 906.5 1358 906.5 1357.5 906 1357.5 905.5
1355.5 906 1360 906 1361 906.5 1360.5 907 1360 907.5 1359.5 907.5 1359 907 1359 906.5
1357 907 1361.5 907 1362.5 907.5 1362 908 1361.5 908.5 1361 908.5 1360.5 908 1360.5 907.5
1358.5 908 1363 908 1364 908.5 1363.5 909 1363 909.5 1362.5 909.5 1362 909 1362 908.5
1360 909 1364.5 909 1365.5 909.5 1365 910 1364.5 910.5 1364 910.5 1363.5 910 1363.5 909.5
1361.5 910 1366 910 1367 910.5 1366.5 911 1366 911.5 1365.5 911.5 1365 911 1365 910.5
1363 911 1367.5 911 1368.5 911.5 1368 912 1367.5 912.5 1367 912.5 1366.5 912 1366.5 911.5
1364.5 912 1369 912 1370 912.5 1369.5 913 1369 913.5 1368.5 913.5 1368 913 1368 912.5
1366 913 1370.5 913 1371.5 913.5 1371 914 1370.5 914.5 1370 914.5 1369.5 914 1369.5 913.5
1367.5 914 1372 914 1373 914.5 1372.5 915 1372 915.5 1371.5 915.5 1371 915 1371 914.5
1369 915 1373.5 915 1374.5 915.5 1374 916 1373.5 916.5 1373 916.5 1372.5 916 1372.5 915.5
1370.5 916 1375 916 1376 916.5 1375.5 917 1375 917.5 1374.5 917.5 1374 917 1374 916.5
1372 917 1376.5 917 1377.5 917.5 1377 918 1376.5 918.5 1376 918.5 1375.5 918 1375.5 917.5
1373.5 918 1378 918 1379 918.5 1378.5 919 1378 919.5 1377.5 919.5 1377 919 1377 918.5
1375 919 1379.5 919 1380.5 919.5 1380 920 1379.5 920.5 1379 920.5 1378.5 920 1378.5 919.5
1376.5 920 1381 920 1382 920.5 1381.5 921 1381 921.5 1380.5 921.5 1380 921 1380 920.5
1378 921 1382.5 921 1383.5 921.5 1383 922 1382.5 922.5 1382 922.5 1381.5 922 1381.5 921.5
1379.5 922 1384 922 1385 922.5 1384.5 923 1384 923.5 1383.5 923.5 1383 923 1383 922.5
1381 923 1385.5 923 1386.5 923.5 1386 924 1385.5 924.5 1385 924.5 1384.5 924 1384.5 923.5
1382.5 924 1387 924 1388 924.5 1387.5 925 1387 925.5 1386.5 925.5 1386 925 1386 924.5
1384 925 1388.5 925 1389.5 925.5 1389 926 1388.5 926.5 1388 926.5 1387.5 926 1387.5 925.5
1385.5 926 1390 926 1391 926.5 1390.5 927 1390 927.5 1389.5 927.5 1389 927 1389 926.5
1387 927 1391.5 927 1392.5 927.5 1392 928 1391.5 928.5 1391 928.5 1390.5 928 1390.5 927.5
1388.5 928 1393 928 1394 928.5 1393.5 929 1393 929.5 1392.5 929.5 1392 929 1392 928.5
1390 929 1394.5 929 1395.5 929.5 1395 930 1394.5 930.5 1394 930.5 1393.5 930 1393.5 929.5
1391.5 930 1396 930 1397 930.5 1396.5 931 1396 931.5 1395.5 931.5 1395 931 1395 930.5
1393 931 1397.5 931 1398.5 931.5 1398 932 1397.5 932.5 1397 932.5 1396.5 932 1396.5 931.5
1394.5 932 1399 932 1400 932.5 1399.5 933 1399 933.5 1398.5 933.5 1398 933 1398 932.5
1396 933 1400.5 933 1401.5 933.5 1401 934 1400.5 934.5 1400 934.5 1399.5 934 1399.5 933.5
1397.5 934 1402 934 1403 934.5 1402.5 935 1402 935.5 1401.5 935.5 1401 935 1401 934.5
1399 935 1403.5 935 1404.5 935.5 1404 936 1403.5 936.5 1403 936.5 1402.5 936 1402.5 935.5
1400.5 936 1405 936 1406 936.5 1405.5 937 1405 937.5 1404.5 937.5 1404 937 1404 936.5
1402 937 1406.5 937 1407.5 937.5 1407 938 1406.5 938.5 1406 938.5 1405.5 938 1405.5 937.5
1403.5 938 1408 938 1409 938.5 1408.5 939 1408 939.5 1407.5 939.5 1407 939 1407 938.5
1405 939 1409.5 939 1410.5 939.5 1410 940 1409.5 940.5 1409 940.5 1408.5 940 1408.5 939.5
1406.5 940 1411 940 1412 940.5 1411.5 941 1411 941.5 1410.5 941.5 1410 941 1410 940.5
1408 941 1412.5 941 1413.5 941.5 1413 942 1412.5 942.5 1412 942.5 1411.5 942 1411.5 941.5
1409.5 942 1414 942 1415 942.5 1414.5 943 1414 943.5 1413.5 943.5 1413 943 1413 942.5
1411 943 1415.5 943 1416.5 943.5 1416 944 1415.5 944.5 1415 944.5 1414.5 944 1414.5 943.5
1412.5 944 1417 944 1418 944.5 1417.5 945 1417 945.5 1416.5 945.5 1416 945 1416 944.5
1414 945 1418.5 945 1419.5 945.5 1419 946 1418.5 946.5 1418 946.5 1417.5 946 1417.5 945.5
1415.5 946 1420 946 1421 946.5 1420.5 947 1420 947.5 1419.5 947.5 1419 947 1419 946.5
1417 947 1421.5 947 1422.5 947.5 1422 948 1421.5 948.5 1421 948.5 1420.5 948 1420.5 947.5
1418.5 948 1423 948 1424 948.5 1423.5 949 1423 949.5 1422.5 949.5 1422 949 1422 948.5
1420 949 1424.5 949 1425.5 949.5 1425 950 1424.5 950.5 1424 950.5 1423.5 950 1423.5 949.5
1421.5 950 1426 950 1427 950.5 1426.5 951 1426 951.5 1425.5 951.5 1425 951 1425 950.5
1423 951 1427.5 951 1428.5 951.5 1428 952 1427.5 952.5 1427 952.5 1426.5 952 1426.5 951.5
1424.5 952 1429 952 1430 952.5 1429.5 953 1429 953.5 1428.5 953.5 1428 953 1428 952.5
1426 953 1430.5 953 1431.5 953.5 1431 954 1430.5 954.5 1430 954.5 1429.5 954 1429.5 953.5
1427.5 954 1432 954 1433 954.5 1432.5 955 1432 955.5 1431.5 955.5 1431 955 1431 954.5
1429 955 1433.5 955 1434.5 955.5 1434 956 1433.5 956.5 1433 956.5 1432.5 956 1432.5 955.5
1430.5 956 1435 956 1436 956.5 1435.5 957 1435 957.5 1434.5 957.5 1434 957 1434 956.5
1432 957 1436.5 957 1437.5 957.5 1437 958 1436.5 958.5 1436 958.5 1435.5 958 1435.5 957.5
1433.5 958 1438 958 1439 958.5 1438.5 959 1438 959.5 1437.5 959.5 1437 959 1437 958.5
1435 959 1439.5 959 1440.5 959.5 1440 960 1439.5 960.5 1439 960.5 1438.5 960 1438.5 959.5
1436.5 960 1441 960 1442 960.5 1441.5 961 1441 961.5 1440.5 961.5 1440 961 1440 960.5
1438 961 1442.5 961 1443.5 961.5 1443 962 1442.5 962.5 1442 962.5 1441.5 962 1441.5 961.5
1439.5 962 1444 962 1445 962.5 1444.5 963 1444 963.5 1443.5 963.5 1443 963 1443 962.5
1441 963 1445.5 963 1446.5 963.5 1446 964 1445.5 964.5 1445 964.5 1444.5 964 1444.5 963.5
1442.5 964 1447 964 1448 964.5 1447.5 965 1447 965.5 1446.5 965.5 1446 965 1446 964.5
1444 965 1448.5 965 1449.5 965.5 1449 966 1448.5 966.5 1448 966.5 1447.5 966 1447.5 965.5
1445.5 966 1450 966 1451 966.5 1450.5 967 1450 967.5 1449.5 967.5 1449 967 1449 966.5
1447 967 1451.5 967 1452.5 967.5 1452 968 1451.5 968.5 1451 968.5 1450.5 968 1450.5 967.5
1448.5 968 1453 968 1454 968.5 1453.5 969 1453 969.5 1452.5 969.5 1452 969 1452 968.5
1450 969 1454.5 969 1455.5 969.5 1455 970 1454.5 970.5 1454 970.5 1453.5 970 1453.5 969.5
1451.5 970 1456 970 1457 970.5 1456.5 971 1456 971.5 1455.5 971.5 1455 971 1455 970.5
1453 971 1457.5 971 1458.5 971.5 1458 972 1457.5 972.5 1457 972.5 1456.5 972 1456.5 971.5
1454.5 972 1459 972 1460 972.5 1459.5 973 1459 973.5 1458.5 973.5 1458 973 1458 972.5
1456 973 1460.5 973 1461.5 973.5 1461 974 1460.5 974.5 1460 974.5 1459.5 974 1459.5 973.5
1457.5 974 1462 974 1463 974.5 1462.5 975 1462 975.5 1461.5 975.5 1461 975 1461 974.5
1459 975 1463.5 975 1464.5 975.5 1464 976 1463.5 976.5 1463 976.5 1462.5 976 1462.5 975.5
1460.5 976 1465 976 1466 976.5 1465.5 977 1465 977.5 1464.5 977.5 1464 977 1464 976.5
1462 977 1466.5 977 1467.5 977.5 1467 978 1466.5 978.5 1466 978.5 1465.5 978 1465.5 977.5
1463.5 978 1468 978 1469 978.5 1468.5 979 1468 979.5 1467.5 979.5 1467 979 1467 978.5
1465 979 1469.5 979 1470.5 979.5 1470 980 1469.5 980.5 1469 980.5 1468.5 980 1468.5 979.5
1466.5 980 1471 980 1472 980.5 1471.5 981 1471 981.5 1470.5 981.5 1470 981 1470 980.5
1468 981 1472.5 981 1473.5 981.5 1473 982 1472.5 982.5 1472 982.5 1471.5 982 1471.5 981.5
1469.5 982 1474 982 1475 982.5 1474.5 983 1474 983.5 1473.5 983.5 1473 983 1473 982.5
1471 983 1475.5 983 1476.5 983.5 1476 984 1475.5 984.5 1475 984.5 1474.5 984 1474.5 983.5
1472.5 984 1477 984 1478 984.5 1477.5 985 1477 985.5 1476.5 985.5 1476 985 1476 984.5
1474 985 1478.5 985 1479.5 985.5 1479 986 1478.5 986.5 1478 986.5 1477.5 986 1477.5 985.5
1475.5 986 1480 986 1481 986.5 1480.5 987 1480 987.5 1479.5 987.5 1479 987 1479 986.5
1477 987 1481.5 987 1482.5 987.5 1482 988 1481.5 988.5 1481 988.5 1480.5 988 1480.5 987.5
1478.5 988 1483 988 1484 988.5 1483.5 989 1483 989.5 1482.5 989.5 1482 989 1482 988.5
1480 989 1484.5 989 1485.5 989.5 1485 990 1484.5 990.5 1484 990.5 1483.5 990 1483.5 989.5
1481.5 990 1486 990 1487 990.5 1486.5 991 1486 991.5 1485.5 991.5 1485 991 1485 990.5
1483 991 1487.5 991 1488.5 991.5 1488 992 1487.5 992.5 1487 992.5 1486.5 992 1486.5 991.5
1484.5 992 1489 992 1490 992.5 1489.5 993 1489 993.5 1488.5 993.5 1488 993 1488 992.5
1486 993 1490.5 993 1491.5 993.5 1491 994 1490.5 994.5 1490 994.5 1489.5 994 1489.5 993.5
1487.5 994 1492 994 1493 994.5 1492.5 995 1492 995.5 1491.5 995.5 1491 995 1491 994.5
1489 995 1493.5 995 1494.5 995.5 1494 996 1493.5 996.5 1493 996.5 1492.5 996 1492.5 995.5
1490.5 996 1495 996 1496 996.5 1495.5 997 1495 997.5 1494.5 997.5 1494 997 1494 996.5
1492 997 1496.5 997 1497.5 997.5 1497 998 1496.5 998.5 1496 998.5 1495.5 998 1495.5 997.5
1493.5 998 1498 998 1499 998.5 1498.5 999 1498 999.5 1497.5 999.5 1497 999 1497 998.5
1495 999 1499.5 999 1500.5 999.5 1500 1000 1499.5 1000.5 1499 1000.5 1498.5 1000 1498.5 999.5