-8 3 -5.9 3.14 -7.38 5.2
-7 1 -2.98 1.62 -4.38 2.92
-4.44 -1.34 0.1 -0.22 -1.04 1.44
-1.3 -2.62 6.24 -2.14 5.16 0.2
3.76 -4.52 7 -4 5.68 -2.98
1.24 2.14 1.74 5.02 -0.42 4.52
-4.18 4.36 -1.26 4.64 -3 6
-7.52 -6.96 -4.2 -6.78 -6.14 -3.52
9.66 1.58 11.2 1.94 11.2 3.12 10.22 3.56 9 3 9.16 2.12
4.96 1.54 6.2 1.8 6.56 2.8 5.64 3.46 4.64 3.34 4.28 2.56
9.12 -3.24 10.42 -2.12 9.68 -1.12 8.62 -1.44 8.32 -2.1 8.72 -3
10.78 -3.14 12.32 -2.54 11.7 -1.58 11 -2
12.9 1.62 15.28 1.8 15.18 3.24 13.32 3.98 12.78 2.44
6.7 4.14 8.34 4.48 7.64 5.22 6.58 5.34 6 5
-1.26 -7.94 1.5 -8.48 1.62 -6.86 1.24 -5.16 -0.3 -5.02 -1.34 -5.74 -1 -7
7.02 -8.58 8.8 -7.34 5.7 -7.1 5.34 -6 4.18 -7.08 4.3 -8.56 5.56 -8.08
12.92 -7.82 14.46 -6.04 12.58 -5.14 12.58 -6.44 10.74 -6.96 11.84 -7.66
8.8 -5.36 10.2 -4.62 9.22 -4 7.76 -4.26 7 -5.26 8.5 -5.42
-7.86 -10.06 12.52 -9.98 -7.66 -8.72
1.56 1.06 2.98 1.26 2.94 2.22 1.94 2.16
14.02 -2.44 15.46 -1.86 14.84 -0.72 13.94 -1.5
6.88 -0.4 17.08 0.74 7.34 1
-2.64 -4.14 -2.34 -2.94 -2.68 -2.38 -4.26 -2.68 -4.96 -3.7 -3.78 -4.38
-3.54 -7.62 -2.5 -7.02 -2.68 -6.1 -3.42 -6.26 -3.56 -7.04
1.46 -4.34 2.42 -3.98 1.96 -3.16 1.52 -3.3 1.4 -4
-8.68 -2.36 -6.68 -1.88 -6.44 -1.28 -7.62 -0.26 -8.12 -0.84 -8.34 -1.94
15.58 -9.18 16.24 -8.78 16 -8 15.6 -8 15.12 -8.54 15.16 -8.98
15.88 -5.72 17.16 -5.02 16.7 -4.4 15.84 -4.48 15.3 -5.04
10.7 -5.78 11.34 -5.32 10.86 -4.86 10.58 -5.06 9.88 -5.7 10.38 -5.82
14.92 -3.56 15.54 -3.12 14.82 -2.94 14.04 -3.18 14.1 -3.76
15.52 4.18 16.4 4.14 16.28 5.32 15.54 5.5 15.16 5.1
10.7 4.52 11.6 4.74 11.44 5.28 10.46 5.52 10.08 5.22
2.84 3.68 4.62 4.52 4.22 5.18 3.34 5.22 2.76 4.96 2.64 4.18
-10.34 -5.4 -8.86 -5.16 -9.14 -3.6 -10.12 -3.52 -10.58 -4.34
-9.82 0.74 -9.02 0.76 -9.22 2.18 -10.48 2.08 -10.58 1.32
-9.52 -7.24 -8.28 -6.34 -9.36 -5.7 -9.82 -5.9 -10.2 -6.62
-7.68 -3.74 -7 -3 -7.66 -2.76 -8.6 -3 -8.36 -3.54
13.4 -10.12 13.54 -8.9 11.36 -8.84 11.84 -8.98 12.74 -9.28 12.94 -9.68
2.64 -6.86 3.84 -6 3.24 -5.28 2.54 -5.14 2.4 -5.96
9.38 -8.88 10.3 -8.76 10.3 -7.58 9.58 -7.64 8.74 -8.24 8.7 -8.78
1.74 -0.46 2.5 0 2.06 0.44 1.08 0.44 0.86 -0.9
-1.38 -4.56 0.1 -4.44 0.82 -3.26 -0.46 -3.16 -1.26 -3.5 -3.06 -4.66 -2.18 -5.06
-2.2 2.18 -1.4 2.26 -1.28 3.04 -2 3.36 -2.62 3.44 -2.66 2.72
4.14 -2.84 4.92 -1.32 2.58 -1.52
5.18 -5.16 5.64 -4.82 6 -4 4.885630901287554 -3.6171502145922743 4.52 -4.1 4.6 -5.08
-0.28 -8.46 0.64 -7.92 0.62 -7.08 0 -7 -0.76 -7.5 -0.98 -8.24
13 5 14 5.24 13.46 5.76 11.92 5.78 12.4 5.26
7.28 1.82 8.1 2.4 7.94 3.52 7.4 3.3 7.16 2.36
3.84 0 4.28 1.06 3.78 0.92 3.42 0.48
-5.98 -2.76 -5.2 -2.54 -5.54 -1.66
17.005852324350922 -2.6453554873525715 18.418321477925677 -2.6453554873525715 18.521672879406754 -1.129534932296732 17.384807463114882 -0.7505797935327724 16.936951390030202 -1.405138669579612
17.970465404840997 2.315511783739266 20.72650277766979 1.971007112135666 20.86430464631123 3.3490257985500653 19.245132689774312 4.003584674596905 18 4
17.2814560616338 5.622756631133824 19.486285959896833 5.795008966935624 19.45183549273647 7.414180923472543 18.452771945086035 8.240992135321182 16.592446718426604 8.378794003962623 16.454644849785165 7.483081857793263
10.563614965363623 7.483081857793263 12.665093462145576 7.448631390632903 12.630642994985216 9.136704281490543 11.42487664437262 9.653461288895942 10.598065432523983 9.550109887414862
9.495650483392465 7.9998388651986625 9.254497213269946 5.0370986894077046 8.909992541666348 4.348089346200505 8.22098319845915 6.587369711623904 7.807577592534831 7.689784660755423
13.250751403871694 7.448631390632903 14.38761682016357 8.447694938283343 14.043112148559972 11.065930442470702 10.529164498203263 11.513786515555381 9.013343943147428 9.343407084452702 9.495650483392465 7.9998388651986625 7.9453794611762705 8.654397741245502 8.32433459994023 11.30708371259322 11.28707477573118 12.16834539160222 14.973274761889689 11.72048931851754 15.593383170776166 9.687911756056302 14.45651775448429 7.241928587670743
1.227538364906092 7.8275865293968625 2.6744579856412076 7.965388398038303 3.053413124405166 9.756812690377021 1.296439299226812 9.8601640918581 1.3653402335475315 8.998902412849102
0.5729794888592542 5.726108032614904 2 6 1.261988832066452 7.000775317548223 0 7.173027653350023 -0.8394896647155013 6.862973448906783
-5.903708337288405 6.415117375822104 -2.7342653585352954 6.725171580265344 -2.6998148913749356 8.275442602481542 -4.52568965087401 8.895551011368022 -5.421401797043367 8.344343536802263
-11.450233550106347 4.899296820766264 -9.727710192088352 5.588306163973464 -10.072214863691952 6.759622047425704 -11.277981214304548 7.414180923472543 -12.759351302200024 6.415117375822104 -13.655063448369381 5.2093510252095045
-13.448360645407222 -3.1276620275976112 -12.759351302200024 -2.4731031515507715 -13.517261579727942 -1.267336800938172 -14.895280266142336 -1.542940538221052 -15.205334470585576 -2.989860158956171 -14.654126996019817 -4.02337417376697
-14 -10 -13.103855973803622 -9.914404058188527 -12.931603638001823 -8.570835838934489 -14 -8 -14.791928864661257 -8.811989109057007
-4.973545723958688 -13.118297504102005 -3.492175636063213 -13.083847036941645 -3.733328906185732 -12.015882554970487 -5.2835999284019275 -11.740278817687607 -5.903708337288405 -12.325936759413725
5.258243022668199 -13.462802175705605 6.636261709082595 -13.428351708545245 6 -12 4.672585080942081 -11.705828350527247 2.777809387122287 -12.050333022130847 2.4333047155186884 -12.808243299658766
9.599001884873546 -12.394837693734447 10 -12 8.393235534260949 -11.154620875961486 7.9453794611762705 -11.430224613244366 8.393235534260949 -12.877144233979486
-0.977291533356941 -12.015882554970487 0 -12 0.4351776202178146 -11.120170408801126 -0.9083905990362211 -10.465611532754288 -1.8385532123659383 -10.672314335716447
-12 -12 -10.52007093677663 -11.430224613244366 -10 -10 -11.588035418747788 -9.948854525348887 -12.242594294794625 -11.016819007320047
-11.00237747702167 -8.501934904613767 -9.934412995050513 -8.708637707575928 -10 -8 -11.519134484427067 -7.675123692765129
-14 -6 -12.449297097756784 -5.33249192586065 -12.380396163436064 -4.74683398413453 -14.344072791576579 -4.85018538561561 -14.585226061699098 -5.67699659746425
-10.69232327257843 -2.163048947107532 -9.176502717522595 -1.301787268098532 -7.867384965428919 0.4896370242401869 -9.038700848881156 0.1795828197969471 -10.72677373973879 -0.3716246547688126 -11.932540090351386 1.0752949659663067 -13.551712046888301 0.317384688438387 -11.898089623191026 -0.5094265234102525 -12.104792426153185 -2.920959224635451
19.210682222613954 -5.918149867586769 20.72650277766979 -6.400456407831809 22 -4 19.83079063150043 -2.989860158956171 19.624087828538272 -4.2989779110498505 20.48534950754727 -4.609032115493091
17.69486166755812 -10.672314335716447 22.345674734206703 -10.982368540159687 21.587764456678787 -8.191880700170529 19.72743923001935 -7.640673225604768 18.693925215208555 -7.881826495727289 20.20974577026439 -9.673250788066007
12.320588790541978 -12.773792832498406 15.248878499172568 -12.739342365338045 15.352229900653647 -10.844566671518248 13.423003739673494 -11.361323678923647 11.700480381655499 -11.361323678923647 11.08037197276902 -11.257972277442567
20.69205231050943 -13.669504978667765 20.34754763890583 -12.015882554970487 17.14365419299236 -11.843630219168686 16.351293448304084 -13.876207781629924 17.59151026607704 -14.530766657676764 18.625024280887835 -12.980495635460565 20 -14
24.963910238394053 1.5576015062113464 28.856813027514722 3.1078725284275452 27.651046676902126 5.347152893850944 25.101712107035492 5.416053828171664 23.3791887490175 2.7633678568239457 21.449962588037344 0.7996912286834268 20.14084483594367 -0.5783274577309725 25.032811172714773 -1.3362377352588921
24.653856033950817 -7.192817152520089 29.40802050208048 -4.88463585277597 27.788848545543566 -2.3008508157489715 25.377315844318375 -3.196562961918331 27.409893406779606 -4.230076976729131 24.068198092224698 -5.12578912289849 23.48254015049858 -3.093211560437251 22.621278471489582 -5.40139286018137 22.242323332725622 -7.055015283878649
24 -12 26.44528032628953 -11.085719941640766 26.617532662091328 -8.880890043377727 24.447153230988658 -8.743088174736288 23.5514410848193 -10.017755459669607
23.86149528926254 -14.255162920393884 26.47973079344989 -14.392964789035325 28.340056020109323 -12.429288160894806 26.44528032628953 -12.291486292253365 25.067261639875134 -13.014946102620925 22.586828004329224 -12.877144233979486
30.820489655655237 -7.158366685359729 30.47598498405164 -6.572708743633609 28.305605552948965 -6.779411546595769 28.684560691712925 -8.364133035972328 29.71807470652372 -8.398583503132688
21.828917726801304 6.415117375822104 24.860558836912976 8.137640733840103 24.757207435431894 9.584560354575222 21.794467259640946 10.824777172348181 20.72650277766979 9.791263157537381 22.44902613568778 8.964451945688742 21.828917726801304 7.6553341935950625
20.69205231050943 4.727044484964464 22.173422398404902 4.520341682002305 23.27583734753642 5.760558499775264 22.138971931244544 5.691657565454544 20.898755113471587 5.3816033610113045
24.516054165309377 6.587369711623904 27.547695275421045 6.484018310142823 28.477857888750762 7.069676251868943 27.685497144062484 8.240992135321182 26.617532662091328 7.586433259274343
17.52260933175632 11.30708371259322 18.418321477925677 9.171154748650903 19.279583156934674 9.171154748650903 19.69298876285899 11.30708371259322
4.9826392853853205 10.066866894820262 2.7433589199619273 7.104126719029304 3.811323401933084 6.415117375822104 4.741486015262801 6.656270645944623 4.775936482423161 8.103190266679743 5.706099095752878 8.068739799519383
-1.7352018108848586 10.170218296301341 -1.0461924676776606 8.826650077047303 0 9.722362223216662 0.36627668589709483 11.203732311112141 -1.9763550810073778 11.513786515555381
-6.523816746174884 8.861100544207662 -4.42233824939293 9.687911756056302 -3.492175636063213 11.513786515555381 -5.731456001486606 11.789390252838261 -7.6262316953064 11.30708371259322 -8.07408776839108 9.619010821735582 -6.420465344693803 10.066866894820262
-8.418592439994677 6.070612704218504 -7.52288029382532 6.725171580265344 -7.6262316953064 7.9998388651986625 -9.486556921965834 8.723298675566223 -9.038700848881156 7.414180923472543
-13.620612981209021 2.143259447937466 -11.829188688870307 2.9011697254653854 -12 4 -14 4 -15.170884003425217 3.1423229955879055 -13.379459711086502 3.1078725284275452
-16.61780362416033 -0.7850302606931324 -15.033082134783776 -0.1993723189670127 -14.998631667623416 1.6609529076924263 -16.721155025641412 1.5920519733717062 -16.23884848539637 0.4207360899194669
-16.721155025641412 -6.986114349557929 -16 -6 -16 -4 -17.13456063156573 -4.8157349184552505 -16.89340736144321 -5.78034799894533
-12.552648499237865 -15.288676935204684 -8.969799914560436 -14.565217124837124 -9.073151316041516 -12.498189095215526 -11.140179345663109 -13.807306847309205 -12.414846630596424 -13.014946102620925 -14.171820455774778 -12.877144233979486
-6.007059738769485 -15.116424599402885 -2.9754186286578146 -15.460929271006485 -4 -14 -4.663491519515449 -14.599667591997484 -6.5582672133352435 -13.600604044347046
1.6753944379907706 -15.323127402365044 3.3290168616880456 -14.909721796440724 2 -14 0.19402435009529537 -13.083847036941645 -1.3906971392812597 -14.978622730761444 0.641880423179974 -14.565217124837124
9.254497213269946 -15.770983475449723 10.942570104127581 -15.081974132242525 9.495650483392465 -14.220712453233524 6.188405635997916 -14.703018993478565 6.326207504639356 -15.288676935204684 8.909992541666348 -15.047523665082164
14.835472893248248 -15.564280672487564 14 -14 12.355039257702337 -14.117361051752445 12.699543929305936 -15.564280672487564 13.698607476956372 -15.116424599402885
27.409893406779606 -0.8194807278534924 31.406147597381356 2.2466108494185457 26.34192892480845 1.1097454331266665 27.823299012703927 0.5929884257212669
19.65853829569863 -2.4731031515507715 21.966719595442743 -2.4731031515507715 20.967656047792307 -1.7496433411832117
24.791657902592256 3.1423229955879055 26.41082985912917 3.831332338795105 25.411766311478733 4.175837010398705
23.51699061765894 -6.0215012690678495 25.61846911444089 -5.78034799894533 24.068198092224698 -5.12578912289849
28.133353217147164 9.687911756056302 28.753461626033644 11.9271921214797 26 12 26.58308219493097 10.2046687634617 27.616596209741765 11.031479975310342
30.751588721334517 5.071549156568064 32.50856254651287 7.930937930877943 30.613786852693078 8.137640733840103 29.545822370721922 6.242865040020304 30.682687787013798 6.621820178784263
3.6046205989709246 11.7549397856779 5.843900964394318 11.27263324543286 5.0859906868664 12.0994444572815
-5.318050395562287 4.692594017804105 -5.697005534326246 5.553855696813104 -6.317113943212724 5.416053828171664
31.233895261579555 -3.8511218379651706 32 -2 30 -2
27.23764107097781 -10.396710598433566 29.71807470652372 -10.672314335716447 28.650110224552563 -9.569899386584927 27.651046676902126 -9.087592846339888
19.58963736137791 -15.288676935204684 22.655728938649943 -15.288676935204684 22.38012520136706 -14.048460117431725 20.381998106066188 -14.496316190516405
-12.587098966398225 9.274506150131982 -11.140179345663109 9.308956617292342 -9.831061593569434 10.8936781066689 -11.725837287389227 11.065930442470702
-13.379459711086502 7.930937930877943 -10.278917666654111 7.965388398038303 -13.7239643826901 8.998902412849102
-16.54890268983961 4.899296820766264 -15.067532601944135 5.588306163973464 -15.446487740708095 7.414180923472543 -16.75560549280177 6.931874383227504
-16.16994755107565 9.377857551613062 -14.585226061699098 9.653461288895942 -13.207207375284701 11.5826874498761 -16 12 -15.067532601944135 10.5491734350653
-15.963244748113492 -14.599667591997484 -15.170884003425217 -12.773792832498406 -15.515388675028815 -10.603413401395727 -17.13456063156573 -12.635990963856965 -16.37665035403781 -12.911594701139846
-8 -12 -6.7649700162974025 -10.879017138678607 -8.797547578758635 -10.775665737197526